the first, second, third, forth line is n, optDist, optRoute, optTime respectively
the remaining lines are the distMatrix
40
583.3201363466208
[0, 14, 30, 21, 32, 5, 15, 4, 16, 7, 38, 36, 26, 37, 18, 9, 8, 22, 28, 35, 11, 19, 10, 20, 34, 1, 17, 12, 31, 3, 25, 2, 6, 27, 29, 13, 24, 33, 39, 23, 0]
4.552983045578003

0.0 59.34853926262489 24.76957996064976 28.42214039741025 47.18526676200587 38.58418662397333 25.8071770211804 37.74754675659927 56.040669007998 72.96006410443951 94.70377616253676 56.61634400159968 51.386953586684086 23.99370653010096 9.03614239188091 48.34794230604556 39.65654880277799 65.2941066546478 72.58646086702981 68.33415899439234 80.73685785990853 23.454040743732442 65.90165575763679 4.044859472578447 31.052376300507035 37.031946320685186 73.31160998432317 32.15135434407416 65.27523082241592 32.704914651033384 18.303027532261133 47.081530941476316 31.535915714780785 7.168851330846239 73.77083154058501 72.74841640881169 61.91318868466163 77.11069215873871 50.66182145933727 5.942709854275712
59.34853926262489 0.0 74.82740770258505 32.197108175270515 56.67576186910715 36.37566837452744 77.44330576655791 67.13767744268056 82.26747932172151 99.50219457184934 59.42430017776223 42.537060183438115 8.176282106759496 83.26916146043061 55.912944400110604 45.93060270184387 55.101686610352616 19.337774411510033 102.29213909588842 38.146460725609735 33.41499145790999 53.07217652085428 81.84639445512458 62.4778982878467 86.8076360416732 45.228603089569006 104.92219418813116 83.982598465391 71.79301211751775 90.60978664747354 60.59052606797799 17.480086109733303 48.22231276337997 65.88468307499845 18.354857095197236 61.42010984807712 96.2458222782286 107.1213600140012 89.55710818809668 65.09521289566516
24.76957996064976 74.82740770258505 0.0 42.90429057225342 71.93375131306755 62.05956587052356 2.9871425526666444 61.18667709035193 78.3571631269637 93.96276933373522 117.9021290405551 80.61227564159788 66.67887353277223 26.369991854255606 33.79402923323625 72.81846702179148 64.39055120262047 74.80832934812707 92.70571446457615 91.20167026991844 101.24261811175094 48.20667740784462 89.43601754344375 25.827380451646466 41.158572580833834 36.939414776691024 92.76443135377923 9.157335331700743 89.77074417261608 20.553106569908575 42.07986733546503 66.57424502714574 56.229873092799274 19.294838407292836 91.59545564966184 97.42083354296102 81.3602633258039 96.82636235542734 69.57244262140588 23.99462049377787
28.42214039741025 32.197108175270515 42.90429057225342 0.0 48.64925809295379 29.229553263931198 45.42088987487717 49.900121058351765 68.46870018373993 86.69858585274632 79.3251375858644 46.78951111608965 24.023216184844536 52.312614991915716 27.67410000146488 42.930473163975805 43.09775555976989 37.02540528298733 87.95441176872832 52.88506840577304 59.301362414150674 32.07470839617512 73.54226589722337 32.04930924775827 58.41686138647228 22.363716869851366 89.69977410992449 52.05178836040347 67.79553422077996 58.50671587137789 35.784654454508974 24.900213210004026 33.058492263736 34.3459721666552 48.70177342044205 66.862309745445 79.18144391919044 92.83888421795226 69.77577848087515 34.35832601277217
47.18526676200587 56.67576186910715 71.93375131306755 48.64925809295379 0.0 21.50132409839126 72.77418041043285 18.230901397211728 26.27429258320963 42.8564633724227 56.18804668745762 20.36616602297091 53.082443341234466 60.305670188271215 38.14952516360895 11.596475293343177 7.566040458043132 73.66888284462493 45.89643406433107 35.61155523016105 55.27955111050908 23.731326012191598 25.82000413397111 46.40046533396607 53.11005226580376 70.32516324691557 48.76081947868017 78.77147203565352 19.350022542175807 74.80508993351921 30.98630521221803 39.49661368101327 16.75593012335972 53.05702426199271 59.16890692586286 27.096783642574813 41.42478050652639 50.64606681039078 38.104268346465474 48.715224718829305
38.58418662397333 36.37566837452744 62.05956587052356 29.229553263931198 21.50132409839126 0.0 63.677259367565085 31.05680804321756 46.04697942478576 63.64502202593289 56.125650438783374 18.81541290790241 31.895670203082652 58.7159776533087 30.824163930819196 13.727639175784951 18.756049867774863 52.397952107685654 66.14314383472336 29.83577910299166 44.597968289976684 20.582336704437772 47.32120861118501 39.69658292684892 57.01618818682037 51.574332143206796 68.66252080372266 70.30089623393921 39.54337149182735 70.67304290377312 29.864847730785996 18.895618144435755 12.890456373425563 45.647197641463165 42.863895567835115 37.93550609722174 59.87302985061005 71.01184509299758 53.58363847512149 42.51356722428869
25.8071770211804 77.44330576655791 2.9871425526666444 45.42088987487717 72.77418041043285 63.677259367565085 0.0 61.38737287838261 78.1881147621496 93.45758654143367 119.65768965128652 82.10649238263123 69.28283951880164 24.611254181919374 34.746384970005856 74.100821696277 65.21299250788167 77.70308290754062 92.03777918630679 93.00991297442422 103.45012420324737 49.09630145602103 89.56975956936444 26.422657175769277 39.67167120327067 39.924437191214565 91.98039981143158 6.764144094256324 90.32982517394024 17.68818732203442 42.52429382617672 68.82480869490469 57.34279998874266 19.778532700852406 94.06998826810398 98.55494065839167 80.61998781949124 96.07415346414979 68.80987921735486 24.34660601588467
37.74754675659927 67.13767744268056 61.18667709035193 49.900121058351765 18.230901397211728 31.05680804321756 61.38737287838261 0.0 19.030076166680267 37.05688341128046 74.4153356927768 37.74501181736628 61.76685676178669 44.84467136483449 29.476447749431443 27.907085741144172 13.772142654009716 81.607500699123 38.057102397212546 53.05325993637207 71.94211083494692 17.997471525941343 28.270518918452098 35.58788431125335 35.61799215284173 68.83130245637294 39.8494300926271 66.6415171314387 30.13973742316864 60.08730874397736 19.44731590903597 49.74869004213891 19.019840330879262 41.918803724137895 73.35576301852188 44.333335506537516 29.750202840705672 42.93881320105673 22.527789085772874 37.195697292512435
56.040669007998 82.26747932172151 78.3571631269637 68.46870018373993 26.27429258320963 46.04697942478576 78.1881147621496 19.030076166680267 0.0 18.233711707151926 76.37914312905056 45.77836680679046 77.88600608972472 58.528193624531 48.19375095704566 37.85162823341355 27.336891243027157 98.25335795069549 20.114183406935986 60.378569221027455 80.58946245562721 36.92579418132599 14.076303870948442 53.44955680556626 45.87044390594016 87.83831053653965 22.658523200482144 82.83534823164986 23.65098571671626 74.05389313183929 37.87738973085182 64.83806751569104 36.0908037862122 59.39785894939474 85.42917928252771 43.470209731363845 15.644637842339444 25.006446845198518 17.369234643881406 54.663246368494804
72.96006410443951 99.50219457184934 93.96276933373522 86.69858585274632 42.8564633724227 63.64502202593289 93.45758654143367 37.05688341128046 18.233711707151926 0.0 85.73766156896268 60.642352387188716 95.53948842616771 71.78482405966818 65.60930382219816 54.05606253360407 45.156258217305975 116.02344647370207 5.340332299430489 74.09323160334559 94.42893044691112 55.04199593715611 20.07309770890719 70.02941043797009 57.4788462780408 105.86094714645242 8.995218738799066 97.48914847565779 32.93415541979528 86.98729986422764 55.1806099345632 82.21029932412507 54.24951532638362 75.5571319908599 101.1493385736429 53.07803270257184 14.525613506991963 8.496476568190527 25.530173556436825 70.90170232212498
94.70377616253676 59.42430017776223 117.9021290405551 79.3251375858644 56.18804668745762 56.125650438783374 119.65768965128652 74.4153356927768 76.37914312905056 85.73766156896268 0.0 38.803255127448054 63.671552157885564 113.5685374165138 86.7035928708997 48.48202538630713 61.99851647260631 77.3874699316018 90.66589032157044 26.774700960008975 27.768730917565016 74.34687515253619 66.13992725061932 95.64802452736976 108.69920327860596 99.7211964180774 94.3105567608995 126.33117755679821 53.50294930527445 126.47410717023826 83.5542913204021 54.909020509731995 65.20510669701582 101.73846050666945 44.668172548731484 33.05822721141814 91.59409060711607 94.13586392009641 92.2195650552631 98.42484646116839
56.61634400159968 42.537060183438115 80.61227564159788 46.78951111608965 20.36616602297091 18.81541290790241 82.10649238263123 37.74501181736628 45.77836680679046 60.642352387188716 38.803255127448054 0.0 41.5162920944892 74.76604788449879 48.26270186167649 10.039179182211615 24.267425748625566 61.37674216036993 64.40174736667647 15.328564770345755 34.96887337146926 35.54709021312939 41.30093420626967 57.21593264750675 70.37182477615357 69.0287261467267 67.57669643911744 88.64869690527608 29.880503378623647 87.83757997630875 44.75937821663259 27.90656542199083 26.403669904768517 63.49601450662921 40.63225305196952 20.50329556412419 61.294334880624874 68.89967446546642 58.468651078602726 59.94192477345509
51.386953586684086 8.176282106759496 66.67887353277223 24.023216184844536 53.082443341234466 31.895670203082652 69.28283951880164 61.76685676178669 77.88600608972472 95.53948842616771 63.671552157885564 41.5162920944892 0.0 75.35238932045952 48.342119812731724 43.12391507267254 50.54969751218864 20.594058501297276 97.99730075973403 40.15436512233876 39.2224842437947 46.65399533293872 78.73981022343924 54.606185324219354 79.39667967064948 38.07564372030234 100.44414871602338 75.83548597505265 69.56461446576735 82.46390764315964 53.64504934235954 13.915049607462059 42.7476818975607 57.83708121031707 25.70151436114731 61.434801310919426 91.27898569377929 102.87737725858753 83.93416154929689 57.181422613635
23.99370653010096 83.26916146043061 26.369991854255606 52.312614991915716 60.305670188271215 58.7159776533087 24.611254181919374 44.84467136483449 58.528193624531 71.78482405966818 113.5685374165138 74.76604788449879 75.35238932045952 0.0 28.52655431521188 65.27360916339497 53.09422367524693 88.92259361619577 69.6815985331121 88.25210630491979 102.74322116124947 39.2235164756775 71.41026699855144 20.821182980935617 15.335926594605066 56.73248626305635 69.1730049877868 26.68240703808647 74.98424057090942 15.532933898616493 30.07914192920067 70.21951336577024 48.36351730011192 18.22138225590519 97.1338149858803 87.38414856003736 58.1026756212319 73.35161746751129 46.39038410588305 18.174713437032455
9.03614239188091 55.912944400110604 33.79402923323625 27.67410000146488 38.14952516360895 30.824163930819196 34.746384970005856 29.476447749431443 48.19375095704566 65.60930382219816 86.7035928708997 48.26270186167649 48.342119812731724 28.52655431521188 0.0 39.657491578127576 30.62086810950504 64.43072972390357 65.66321815125745 60.65151614552202 74.28913666028426 14.418199203521635 57.36843193921007 8.95618858293522 31.150112289759026 41.42883064430528 66.69796540682157 40.96452776064813 56.30876903706255 39.85370189286039 10.438351783744974 41.85324491155367 22.668791625063125 15.337878269158402 68.80948559998608 63.84723384457989 55.46852502126226 70.33046802502142 44.75388279834336 11.722222641511737
48.34794230604556 45.93060270184387 72.81846702179148 42.930473163975805 11.596475293343177 13.727639175784951 74.100821696277 27.907085741144172 37.85162823341355 54.05606253360407 48.48202538630713 10.039179182211615 43.12391507267254 65.27360916339497 39.657491578127576 0.0 14.280785254416168 63.65871563786174 57.31466105361444 25.20310680291521 44.17587487271477 26.21086553893318 35.91584314738614 48.535629636907 60.398385850444896 65.24849373282078 60.256373249584165 80.49928427400035 26.54411913901492 78.74357338235534 35.19580025053297 29.24991725140833 17.149802666500598 54.99398352320893 47.578802367361796 24.959754756034755 53.01023331640798 62.00929787700816 49.20192544050375 51.17336053252282
39.65654880277799 55.101686610352616 64.39055120262047 43.09775555976989 7.566040458043132 18.756049867774863 65.21299250788167 13.772142654009716 27.336891243027157 45.156258217305975 61.99851647260631 24.267425748625566 50.54969751218864 53.09422367524693 30.62086810950504 14.280785254416168 0.0 70.93302980450787 47.44997906211585 39.48363980686954 58.17537563734899 16.209208746635806 30.444801755696755 38.83460092949619 46.728637675165224 64.21539511108857 49.91740622885395 71.20566172717417 26.18479478366988 67.41474697690684 23.50747548155824 37.6279303237603 10.157302308740995 45.491329186504935 59.94973106358133 34.33825674040163 41.21689539206747 52.33549738756262 35.80198533135605 41.1528922981884
65.2941066546478 19.337774411510033 74.80832934812707 37.02540528298733 73.66888284462493 52.397952107685654 77.70308290754062 81.607500699123 98.25335795069549 116.02344647370207 77.3874699316018 61.37674216036993 20.594058501297276 88.92259361619577 64.43072972390357 63.65871563786174 70.93302980450787 0.0 118.36545055567134 57.429240816497135 50.15886008298495 65.50915725572501 99.33254975777956 69.02130678345604 95.40236834437292 39.514279073139825 120.72691431520423 83.64251549843249 90.01405253522528 93.20637595612047 71.40579604269664 34.40880046724945 62.67654384486693 70.73489019077812 33.31395866937213 80.65623948359972 111.29428069487118 123.2595480887113 103.4111341636384 71.23488120602228
72.58646086702981 102.29213909588842 92.70571446457615 87.95441176872832 45.89643406433107 66.14314383472336 92.03777918630679 38.057102397212546 20.114183406935986 5.340332299430489 90.66589032157044 64.40174736667647 97.99730075973403 69.6815985331121 65.66321815125745 57.31466105361444 47.44997906211585 118.36545055567134 0.0 78.21759565789509 98.56879141197321 55.99987830428623 24.66971545228951 69.45596411533181 54.99524446096961 106.45865266683663 3.701056311398098 95.77072383158865 37.54169628834183 84.65588074656112 55.23577388035745 84.8940808384932 56.05890484240726 74.69778826179466 104.70652592997952 57.860315622845896 11.585481639133885 4.914667948203379 23.3306723795468 70.12086092092443
68.33415899439234 38.146460725609735 91.20167026991844 52.88506840577304 35.61155523016105 29.83577910299166 93.00991297442422 53.05325993637207 60.378569221027455 74.09323160334559 26.774700960008975 15.328564770345755 40.15436512233876 88.25210630491979 60.65151614552202 25.20310680291521 39.48363980686954 57.429240816497135 78.21759565789509 0.0 20.351197790487642 49.24951228674159 54.19411077104832 69.53234032488837 84.98029435288403 73.92190125274824 81.54934089166966 99.7089794040216 41.74503295380632 100.50460182050678 58.63963621616873 29.187891350653842 40.278937641181386 75.4365278210967 30.021826614589976 25.392799164144627 76.0010057315619 82.51068814033812 73.69894067187157 72.34861609808479
80.73685785990853 33.41499145790999 101.24261811175094 59.301362414150674 55.27955111050908 44.597968289976684 103.45012420324737 71.94211083494692 80.58946245562721 94.42893044691112 27.768730917565016 34.96887337146926 39.2224842437947 102.74322116124947 74.28913666028426 44.17587487271477 58.17537563734899 50.15886008298495 98.56879141197321 20.351197790487642 0.0 65.16083730333622 74.49101149492343 82.71835919595487 101.58049583528985 77.08367752208083 101.89705564580458 110.2104777872991 61.931294237075655 113.44170942560133 74.46212035559601 34.69615844439849 56.85318305225823 87.88748633795542 16.99796596490054 44.13344831774355 96.17626233546028 102.85488923896287 93.320237656873 85.56680740238909
23.454040743732442 53.07217652085428 48.20667740784462 32.07470839617512 23.731326012191598 20.582336704437772 49.09630145602103 17.997471525941343 36.92579418132599 55.04199593715611 74.34687515253619 35.54709021312939 46.65399533293872 39.2235164756775 14.418199203521635 26.21086553893318 16.209208746635806 65.50915725572501 55.99987830428623 49.24951228674159 65.16083730333622 0.0 44.23851239637808 22.83487141511242 36.43385968225701 50.938422509123264 57.65110784521381 55.19773170989833 42.09138779953478 52.54234243916553 9.406476883601524 36.56699508555147 9.144294955030233 29.4632943430715 62.66099782512007 49.71083158009015 47.11937476067062 60.861408393527334 38.11091822585078 25.302542796414155
65.90165575763679 81.84639445512458 89.43601754344375 73.54226589722337 25.82000413397111 47.32120861118501 89.56975956936444 28.270518918452098 14.076303870948442 20.07309770890719 66.13992725061932 41.30093420626967 78.73981022343924 71.41026699855144 57.36843193921007 35.91584314738614 30.444801755696755 99.33254975777956 24.66971545228951 54.19411077104832 74.49101149492343 44.23851239637808 0.0 63.85279306655847 59.48384560784166 94.44096641337694 28.25351737263221 94.6516004652115 12.882122937956044 86.9249714860505 47.65038034572221 64.99648011800109 40.52834875722432 70.18331842399425 81.9328344656993 33.21823404370092 26.451346646214972 28.566610329014676 31.251495920121226 65.45459318937525
4.044859472578447 62.4778982878467 25.827380451646466 32.04930924775827 46.40046533396607 39.69658292684892 26.422657175769277 35.58788431125335 53.44955680556626 70.02941043797009 95.64802452736976 57.21593264750675 54.606185324219354 20.821182980935617 8.95618858293522 48.535629636907 38.83460092949619 69.02130678345604 69.45596411533181 69.53234032488837 82.71835919595487 22.83487141511242 63.85279306655847 0.0 27.03606703635991 41.0311079533762 70.05448094449503 32.38153418344187 63.95727897144209 30.99768637467902 16.282401192198257 49.56356903984683 31.463498481367118 6.657815240735621 76.41373493835641 72.5212951880045 58.620974258708266 73.91149300789671 47.23002222393587 2.851221576684163
31.052376300507035 86.8076360416732 41.158572580833834 58.41686138647228 53.11005226580376 57.01618818682037 39.67167120327067 35.61799215284173 45.87044390594016 57.4788462780408 108.69920327860596 70.37182477615357 79.39667967064948 15.335926594605066 31.150112289759026 60.398385850444896 46.728637675165224 95.40236834437292 54.99524446096961 84.98029435288403 101.58049583528985 36.43385968225701 59.48384560784166 27.03606703635991 0.0 67.47269590257544 54.250953375564265 42.01781896712132 64.96458233188115 29.68492208555797 27.266553034964815 71.75176991949004 44.89024513413862 28.139442189859732 98.49145767881875 79.86387329495837 43.42187162804332 58.45141779757614 31.948905911612556 25.49517122086096
37.031946320685186 45.228603089569006 36.939414776691024 22.363716869851366 70.32516324691557 51.574332143206796 39.924437191214565 68.83130245637294 87.83831053653965 105.86094714645242 99.7211964180774 69.0287261467267 38.07564372030234 56.73248626305635 41.42883064430528 65.24849373282078 64.21539511108857 39.514279073139825 106.45865266683663 73.92190125274824 77.08367752208083 50.938422509123264 94.44096641337694 41.0311079533762 67.47269590257544 0.0 107.75887203102772 45.1995787870323 89.62960212243397 56.88028752745478 51.57448229173921 44.86397188750286 54.05835018073581 39.47048434919212 63.537369228150105 89.20198212262892 96.69012916490635 111.2342661263724 86.17153617625591 42.08272321929961
73.31160998432317 104.92219418813116 92.76443135377923 89.69977410992449 48.76081947868017 68.66252080372266 91.98039981143158 39.8494300926271 22.658523200482144 8.995218738799066 94.3105567608995 67.57669643911744 100.44414871602338 69.1730049877868 66.69796540682157 60.256373249584165 49.91740622885395 120.72691431520423 3.701056311398098 81.54934089166966 101.89705564580458 57.65110784521381 28.25351737263221 70.05448094449503 54.250953375564265 107.75887203102772 0.0 95.48815835050269 41.104455111467296 83.9333609036856 56.31612919621955 87.48387601643847 58.2184894169711 75.08128334578977 107.74641388156589 61.46598829766871 11.459041566548525 4.208965689040507 23.192659136249166 70.57351388524258
32.15135434407416 83.982598465391 9.157335331700743 52.05178836040347 78.77147203565352 70.30089623393921 6.764144094256324 66.6415171314387 82.83534823164986 97.48914847565779 126.33117755679821 88.64869690527608 75.83548597505265 26.68240703808647 40.96452776064813 80.49928427400035 71.20566172717417 83.64251549843249 95.77072383158865 99.7089794040216 110.2104777872991 55.19773170989833 94.6516004652115 32.38153418344187 42.01781896712132 45.1995787870323 95.48815835050269 0.0 95.98035467107758 15.639258251244144 48.18082072203848 75.57756436888864 63.62577763272048 25.73593281443914 100.73395548506083 104.80998064945514 84.2500578242392 99.63337121902069 72.4468906289374 30.085357126882748
65.27523082241592 71.79301211751775 89.77074417261608 67.79553422077996 19.350022542175807 39.54337149182735 90.32982517394024 30.13973742316864 23.65098571671626 32.93415541979528 53.50294930527445 29.880503378623647 69.56461446576735 74.98424057090942 56.30876903706255 26.54411913901492 26.18479478366988 90.01405253522528 37.54169628834183 41.74503295380632 61.931294237075655 42.09138779953478 12.882122937956044 63.95727897144209 64.96458233188115 89.62960212243397 41.104455111467296 95.98035467107758 0.0 90.1985713462907 47.82220919825334 55.65322246143144 36.02507498397508 70.56520473760196 70.24706823530592 20.46623168404155 38.25426961489762 41.430604156846755 40.69938887498584 65.99384634887878
32.704914651033384 90.60978664747354 20.553106569908575 58.50671587137789 74.80508993351921 70.67304290377312 17.68818732203442 60.08730874397736 74.05389313183929 86.98729986422764 126.47410717023826 87.83757997630875 82.46390764315964 15.532933898616493 39.85370189286039 78.74357338235534 67.41474697690684 93.20637595612047 84.65588074656112 100.50460182050678 113.44170942560133 52.54234243916553 86.9249714860505 30.99768637467902 29.68492208555797 56.88028752745478 83.9333609036856 15.639258251244144 90.1985713462907 0.0 43.95787205057253 79.61173809202752 61.607912005926245 25.56307135947539 106.02798635295032 101.74098015558988 73.07395859714981 88.13505120541721 61.489786292410244 28.165849486752546
18.303027532261133 60.59052606797799 42.07986733546503 35.784654454508974 30.98630521221803 29.864847730785996 42.52429382617672 19.44731590903597 37.87738973085182 55.1806099345632 83.5542913204021 44.75937821663259 53.64504934235954 30.07914192920067 10.438351783744974 35.19580025053297 23.50747548155824 71.40579604269664 55.23577388035745 58.63963621616873 74.46212035559601 9.406476883601524 47.65038034572221 16.282401192198257 27.266553034964815 51.57448229173921 56.31612919621955 48.18082072203848 47.82220919825334 43.95787205057253 0.0 44.79367886098952 18.416641987856828 22.798660273067757 71.33962728644913 57.79475305639244 45.14385391932997 59.91766849015714 34.68189301447759 18.178365290290085
47.081530941476316 17.480086109733303 66.57424502714574 24.900213210004026 39.49661368101327 18.895618144435755 68.82480869490469 49.74869004213891 64.83806751569104 82.21029932412507 54.909020509731995 27.90656542199083 13.915049607462059 70.21951336577024 41.85324491155367 29.24991725140833 37.6279303237603 34.40880046724945 84.8940808384932 29.187891350653842 34.69615844439849 36.56699508555147 64.99648011800109 49.56356903984683 71.75176991949004 44.86397188750286 87.48387601643847 75.57756436888864 55.65322246143144 79.61173809202752 44.79367886098952 0.0 30.948222513656248 54.11179983601754 26.957168135584904 48.15670371137805 78.76711877725374 89.73937278114356 72.22367608756136 52.35844322378167
31.535915714780785 48.22231276337997 56.229873092799274 33.058492263736 16.75593012335972 12.890456373425563 57.34279998874266 19.019840330879262 36.0908037862122 54.24951532638362 65.20510669701582 26.403669904768517 42.7476818975607 48.36351730011192 22.668791625063125 17.149802666500598 10.157302308740995 62.67654384486693 56.05890484240726 40.278937641181386 56.85318305225823 9.144294955030233 40.52834875722432 31.463498481367118 44.89024513413862 54.05835018073581 58.2184894169711 63.62577763272048 36.02507498397508 61.607912005926245 18.416641987856828 30.948222513656248 0.0 37.98885939181885 55.74932728684277 41.21259654128881 48.61975810123695 60.973351464834735 41.33702159826619 34.062367279115364
7.168851330846239 65.88468307499845 19.294838407292836 34.3459721666552 53.05702426199271 45.647197641463165 19.778532700852406 41.918803724137895 59.39785894939474 75.5571319908599 101.73846050666945 63.49601450662921 57.83708121031707 18.22138225590519 15.337878269158402 54.99398352320893 45.491329186504935 70.73489019077812 74.69778826179466 75.4365278210967 87.88748633795542 29.4632943430715 70.18331842399425 6.657815240735621 28.139442189859732 39.47048434919212 75.08128334578977 25.73593281443914 70.56520473760196 25.56307135947539 22.798660273067757 54.11179983601754 37.98885939181885 0.0 80.69262538642273 79.11501208054297 63.62224687660872 79.02937411233897 52.012361424553845 4.7444113966605705
73.77083154058501 18.354857095197236 91.59545564966184 48.70177342044205 59.16890692586286 42.863895567835115 94.06998826810398 73.35576301852188 85.42917928252771 101.1493385736429 44.668172548731484 40.63225305196952 25.70151436114731 97.1338149858803 68.80948559998608 47.578802367361796 59.94973106358133 33.31395866937213 104.70652592997952 30.021826614589976 16.99796596490054 62.66099782512007 81.9328344656993 76.41373493835641 98.49145767881875 63.537369228150105 107.74641388156589 100.73395548506083 70.24706823530592 106.02798635295032 71.33962728644913 26.957168135584904 55.74932728684277 80.69262538642273 0.0 55.404836810363754 100.51756093843758 109.30781424994849 95.73046045920276 79.18366885176923
72.74841640881169 61.42010984807712 97.42083354296102 66.862309745445 27.096783642574813 37.93550609722174 98.55494065839167 44.333335506537516 43.470209731363845 53.07803270257184 33.05822721141814 20.50329556412419 61.434801310919426 87.38414856003736 63.84723384457989 24.959754756034755 34.33825674040163 80.65623948359972 57.860315622845896 25.392799164144627 44.13344831774355 49.71083158009015 33.21823404370092 72.5212951880045 79.86387329495837 89.20198212262892 61.46598829766871 104.80998064945514 20.46623168404155 101.74098015558988 57.79475305639244 48.15670371137805 41.21259654128881 79.11501208054297 55.404836810363754 0.0 58.55629775404906 61.548867773801845 59.78839881910645 75.01326737793455
61.91318868466163 96.2458222782286 81.3602633258039 79.18144391919044 41.42478050652639 59.87302985061005 80.61998781949124 29.750202840705672 15.644637842339444 14.525613506991963 91.59409060711607 61.294334880624874 91.27898569377929 58.1026756212319 55.46852502126226 53.01023331640798 41.21689539206747 111.29428069487118 11.585481639133885 76.0010057315619 96.17626233546028 47.11937476067062 26.451346646214972 58.620974258708266 43.42187162804332 96.69012916490635 11.459041566548525 84.2500578242392 38.25426961489762 73.07395859714981 45.14385391932997 78.76711877725374 48.61975810123695 63.62224687660872 100.51756093843758 58.55629775404906 0.0 15.466501518041087 11.815266912533792 59.117545200866225
77.11069215873871 107.1213600140012 96.82636235542734 92.83888421795226 50.64606681039078 71.01184509299758 96.07415346414979 42.93881320105673 25.006446845198518 8.496476568190527 94.13586392009641 68.89967446546642 102.87737725858753 73.35161746751129 70.33046802502142 62.00929787700816 52.33549738756262 123.2595480887113 4.914667948203379 82.51068814033812 102.85488923896287 60.861408393527334 28.566610329014676 73.91149300789671 58.45141779757614 111.2342661263724 4.208965689040507 99.63337121902069 41.430604156846755 88.13505120541721 59.91766849015714 89.73937278114356 60.973351464834735 79.02937411233897 109.30781424994849 61.548867773801845 15.466501518041087 0.0 27.264932720336834 74.49287882049859
50.66182145933727 89.55710818809668 69.57244262140588 69.77577848087515 38.104268346465474 53.58363847512149 68.80987921735486 22.527789085772874 17.369234643881406 25.530173556436825 92.2195650552631 58.468651078602726 83.93416154929689 46.39038410588305 44.75388279834336 49.20192544050375 35.80198533135605 103.4111341636384 23.3306723795468 73.69894067187157 93.320237656873 38.11091822585078 31.251495920121226 47.23002222393587 31.948905911612556 86.17153617625591 23.192659136249166 72.4468906289374 40.69938887498584 61.489786292410244 34.68189301447759 72.22367608756136 41.33702159826619 52.012361424553845 95.73046045920276 59.78839881910645 11.815266912533792 27.264932720336834 0.0 47.575370739207095
5.942709854275712 65.09521289566516 23.99462049377787 34.35832601277217 48.715224718829305 42.51356722428869 24.34660601588467 37.195697292512435 54.663246368494804 70.90170232212498 98.42484646116839 59.94192477345509 57.181422613635 18.174713437032455 11.722222641511737 51.17336053252282 41.1528922981884 71.23488120602228 70.12086092092443 72.34861609808479 85.56680740238909 25.302542796414155 65.45459318937525 2.851221576684163 25.49517122086096 42.08272321929961 70.57351388524258 30.085357126882748 65.99384634887878 28.165849486752546 18.178365290290085 52.35844322378167 34.062367279115364 4.7444113966605705 79.18366885176923 75.01326737793455 59.117545200866225 74.49287882049859 47.575370739207095 0.0
