the first, second, third, forth line is n, optDist, optRoute, optTime respectively
the remaining lines are the distMatrix
40
542.3823366332732
[0, 20, 25, 35, 24, 27, 22, 34, 8, 7, 4, 32, 3, 39, 9, 1, 15, 37, 5, 38, 30, 2, 33, 26, 18, 13, 23, 21, 29, 16, 11, 6, 28, 10, 12, 17, 31, 19, 36, 14, 0]
2.070296049118042

0.0 83.78816270453066 75.018530308799 76.4336009996191 47.74506967243597 53.21648974469602 35.17489932981562 38.62014300254468 31.08661731326905 77.69882199322234 32.276660255947746 40.29373294033249 37.223601649235704 73.4554902523201 9.19254293081153 79.21022300207228 50.13290872532284 27.937865233911545 89.955259619261 16.79396855404903 15.876764656967152 52.98319628722121 40.683506714107736 61.23710304879392 40.487542037581704 12.839835679918709 83.26766143403555 46.91803740131643 31.446444359413874 52.68299157232199 73.11748701846838 20.280580092834306 53.283986345537265 84.29960294987633 25.810150933921463 36.5912211634144 21.214752978735657 61.72877178811181 60.19788410063346 88.28167177302389
83.78816270453066 0.0 48.65483828934643 22.90785412448401 43.20577958342973 54.391278869898805 75.48298220914413 54.74921801464664 54.153113482149294 11.519002180296246 94.60392992335467 89.55123204124811 101.58966574184525 71.67275708977805 92.87672623638825 22.037796945586784 96.82256514843749 100.05691261183128 80.97478951024922 93.78955402480513 74.22953994910897 81.40182363047064 48.614693131123346 77.02946612614261 69.23880477598021 78.84765784341937 60.85869039729989 59.25382972005251 84.99979387401669 92.33004417740206 60.29192643323942 94.48103257567935 31.467199143094284 60.049140330175796 58.664525216910576 64.0490024386242 104.63771260174084 36.96621940030271 57.4272165221684 17.834095916700146
75.018530308799 48.65483828934643 0.0 64.87402125511512 30.65117421197854 22.296711146983142 47.48455127023379 36.552724262283974 47.36280939169478 54.88753004488865 67.60463160198606 57.704181971072586 73.18589014820873 24.060175288112124 83.37507903726292 27.003951673970576 60.79976020662419 76.81337355910867 32.561941204614186 75.99248132475917 59.68580161003572 42.705892875957666 63.15309848171074 34.246318226291436 85.49547015155295 77.933433092229 13.327276960632117 80.20029094581122 57.94256292427681 54.50725371351501 12.307823937407173 74.57247149699327 37.96822924517054 13.161342818545618 60.103896921632234 78.25295926646766 90.8116776360346 18.89829862662338 17.616646633434947 65.79627107978828
76.4336009996191 22.90785412448401 64.87402125511512 0.0 48.11716420719642 63.2639564175379 78.29939632361032 57.60216949924184 51.734145330370275 11.669625320770717 94.71628839335554 92.54288667930686 101.8062866605028 85.28640444406949 84.874124118164 41.40115218334017 101.3589237007875 97.85768838093718 97.24891589826593 89.56156361276457 70.94920289387568 88.68686002337422 36.325231737016686 86.94503496864016 52.137925319953666 68.44897340421778 78.02920904312433 41.246106690823794 86.13099294507987 98.1899904963134 74.98045003055088 91.18556791457412 33.766805456858314 77.54709966415487 50.74549580299678 48.569134340442695 97.61432326375154 48.570336077055096 68.58953873549811 13.202641773493326
47.74506967243597 43.20577958342973 30.65117421197854 48.11716420719642 0.0 16.41234882982533 32.284503541136 11.731190660396187 17.442453055103744 42.49986667886259 51.63875682571957 46.424001555627946 58.542125033870875 41.58270249998984 56.75086902395944 32.230021052307976 54.20299473674056 57.968133274035864 56.796696059430985 53.38336914088493 34.3284685137875 40.57325310151821 33.705401877400405 39.50969859283035 55.206261117507886 48.34092226470547 42.31724646692784 50.95895809415241 41.88937113411289 50.40304381214367 34.51358611943067 53.28134488501851 14.352346254380612 42.76546613315017 29.546969219792167 47.907341365076974 66.45681208864872 14.123293951239567 23.597261421925193 54.969458669762
53.21648974469602 54.391278869898805 22.296711146983142 63.2639564175379 16.41234882982533 0.0 25.94569717014397 15.84827983658195 28.432594018610068 56.19220973635992 46.47635887944157 37.949779739276984 52.590328278102895 25.582210826586767 61.329954331114386 37.608747101227785 43.394875809433344 55.091733996781194 41.508251505651735 53.72809611295199 37.62608244568856 27.034603687953684 49.25109187834437 23.681359250916 69.4232132594245 57.40645718092398 30.303220434840338 66.38183641691496 36.55597842992947 38.25732042523731 20.684583196382007 52.41803805794904 30.017990894508735 31.21919698055697 41.8041596454874 62.118376803063036 68.51539863507301 17.705298392407748 7.968834931398245 68.54293128559385
35.17489932981562 75.48298220914413 47.48455127023379 78.29939632361032 32.284503541136 25.94569717014397 0.0 21.033066449108482 28.372476126505738 74.25220461421989 20.574572801668584 14.302826262638577 26.96207930003371 39.396984303855845 41.122997387124805 62.1254189237085 23.35144683850657 29.32883970048578 55.461949645138965 29.830089470839773 20.355092934059364 18.143165898164433 52.11155789735418 26.133407635623662 65.4229044066575 44.183210022682616 52.169595578537916 66.63993424429584 10.612546270338198 21.84850917263895 41.72411383964618 27.694663665879578 45.49258731596337 53.48458487686282 37.98292553545517 58.89686826937311 45.211472710864015 41.75389028208051 30.12269460969573 86.63041533245932
38.62014300254468 54.74921801464664 36.552724262283974 57.60216949924184 11.731190660396187 15.84827983658195 21.033066449108482 0.0 12.978976888962181 53.22047068018435 39.93384096465216 35.32342704532871 46.86905094438831 40.41714313116241 47.24527780942771 43.5333729187038 43.77064423557068 46.30860590431372 56.824678811245136 42.24829359076658 23.88598906901503 32.30235098638513 35.903142103402466 34.034636075956065 54.38491183121984 41.70865471219187 45.99079586499121 52.47587416617468 30.251591673269235 40.74399867333071 36.53215994562386 41.87595883892138 24.466694363945567 46.81383892342274 26.273597778033075 47.1507157686452 55.952792134259084 24.03453392642996 23.710489230042295 65.608835009434
31.08661731326905 54.153113482149294 47.36280939169478 51.734145330370275 17.442453055103744 28.432594018610068 28.372476126505738 12.978976888962181 0.0 49.924712440073016 42.99117085622575 41.96374628894207 50.0761017977361 53.383653421204805 40.252888992000635 48.13462235347966 51.64882269559646 46.601657553881225 69.73762333155092 39.64701125607147 20.122341161695154 43.324459085632405 24.099983491447425 46.496774878703384 41.41427946338755 30.90825971912507 57.96000649934492 39.970149955786866 34.70799963546876 49.992498028646196 48.959588702705005 40.51583190688792 22.808549123666857 58.63837900610945 13.374896041450642 34.197251201029786 51.016261170667974 31.540239819679762 36.39337276414007 61.70367814484243
77.69882199322234 11.519002180296246 54.88753004488865 11.669625320770717 42.49986667886259 56.19220973635992 74.25220461421989 53.22047068018435 49.924712440073016 0.0 92.16551791520376 88.54311119394681 99.25158227991723 76.45704101935605 86.57104737143904 30.18213260223708 96.67522261018159 96.51569633657007 87.44016947173736 89.22952115800511 69.93088346881179 82.62149245611597 39.9101110265979 79.68592239051208 59.09724906097423 71.37959016479022 67.8024642498579 48.738112475028345 82.99687337603663 92.8573941972356 65.65064043049576 90.37063508920235 28.7650544391571 67.20307146277943 51.98723331839345 54.426708335834896 98.85103036636703 40.046503031634344 60.61293530987983 12.473925984751395
32.276660255947746 94.60392992335467 67.60463160198606 94.71628839335554 51.63875682571957 46.47635887944157 20.574572801668584 39.93384096465216 42.99117085622575 92.16551791520376 0.0 12.248712032836051 7.100374172148609 55.90775166982691 33.50448206018644 82.47955611673471 19.322519503509415 10.691334083509917 70.41580287191091 17.974753059561227 25.454570258414943 30.074624009390924 63.83442072532416 40.72384445885604 71.02237754316145 44.69893924202662 70.89139795768888 75.21725026063558 10.005367153653168 24.03838873864594 60.609648912004836 14.09940509576529 63.64003959729095 72.32630273926392 47.86559831489331 65.77860928945121 31.51326481793931 62.16223471274272 50.02992300843491 104.27976090699677
40.29373294033249 89.55123204124811 57.704181971072586 92.54288667930686 46.424001555627946 37.949779739276984 14.302826262638577 35.32342704532871 41.96374628894207 88.54311119394681 12.248712032836051 0.0 15.861841975243859 44.0715541956466 43.49975772311829 75.23928640890482 10.38143148094716 22.94003148581515 58.240329897037 28.810833136418353 29.032851321606024 17.969518980971323 65.04914825407315 28.717458768455955 75.89964494241946 51.6277066535847 59.729053075151455 78.47622335475185 9.075029591844762 12.61738135432762 49.6512042778483 25.29670559508276 59.788762343359764 61.22025300383733 49.97581428609681 69.90230478414568 43.32447492703165 54.89919159069662 40.12751838052479 100.9292952142813
37.223601649235704 101.58966574184525 73.18589014820873 101.8062866605028 58.542125033870875 52.590328278102895 26.96207930003371 46.86905094438831 50.0761017977361 99.25158227991723 7.100374172148609 15.861841975243859 0.0 59.80540523970066 36.953323394951894 89.07446764227896 19.212112316940797 10.94273740702675 73.4596095280382 21.34297036369576 32.17578884604183 33.58202240869203 70.64376486044011 44.36625055227434 76.87294461497957 49.94901829854253 75.5876773568979 81.55043114079413 16.676977060286905 25.30763369904886 65.48067025115868 17.395034699822805 70.69873798659388 77.07493636711189 54.59696466032432 71.90919515788026 32.42076732862745 68.71140251695947 55.56935176259591 111.37593192902808
73.4554902523201 71.67275708977805 24.060175288112124 85.28640444406949 41.58270249998984 25.582210826586767 39.396984303855845 40.41714313116241 53.383653421204805 76.45704101935605 55.90775166982691 44.0715541956466 59.80540523970066 0.0 80.25439539915395 50.67648563620908 43.45426867987337 66.3661405315168 16.669660865184767 69.03741695236234 57.6631256310699 26.23918006140085 74.830132136481 15.483316052650702 94.72473749053614 80.1057500365574 17.939261723180266 91.96149888126892 47.895261939214684 36.54924454240677 11.753650680237605 66.5151762163453 53.92683056679562 19.57337884010418 66.68410283600771 87.45070424202018 84.44136121276918 36.71612268659975 17.985441534916088 88.10449707097824
9.19254293081153 92.87672623638825 83.37507903726292 84.874124118164 56.75086902395944 61.329954331114386 41.122997387124805 47.24527780942771 40.252888992000635 86.57104737143904 33.50448206018644 43.49975772311829 36.953323394951894 80.25439539915395 0.0 88.35580308858634 52.541084168904845 26.401859970897586 96.53146248821042 15.684557406921208 23.707441941493325 58.15509077916477 48.77357576821574 67.19583682562774 45.23207921230341 17.91608458699235 91.06305841544118 53.017560415466384 35.335962156801685 56.116440193822946 80.78065977067082 19.6653833309648 62.46932106531674 92.1630755611254 34.58625675244172 42.52248310652019 13.05502030048313 70.65830942432493 67.99942683535826 96.9403032475255
79.21022300207228 22.037796945586784 27.003951673970576 41.40115218334017 32.230021052307976 37.608747101227785 62.1254189237085 43.5333729187038 48.13462235347966 30.18213260223708 82.47955611673471 75.23928640890482 89.07446764227896 50.67648563620908 88.35580308858634 0.0 80.9917552412463 89.71030707203332 59.02449755488945 85.60283286485503 66.51522974355495 64.0898363704051 53.00662713795052 58.03104867269523 75.95725751440278 77.66685417663982 38.849566759123626 67.8660939763264 72.49482875947378 75.65662164667341 39.03277151575528 85.39632384766338 27.68730181634115 38.01653487804072 57.21169030677688 69.45387653631113 98.56832209540082 20.38333283671247 38.4971786124507 39.69931786616154
50.13290872532284 96.82256514843749 60.79976020662419 101.3589237007875 54.20299473674056 43.394875809433344 23.35144683850657 43.77064423557068 51.64882269559646 96.67522261018159 19.322519503509415 10.38143148094716 19.212112316940797 43.45426867987337 52.541084168904845 80.9917552412463 0.0 29.15455790945742 55.529902275575296 37.22275528728226 39.409655893906894 18.168166788600306 75.08591295436526 28.183038218931667 86.28028169212749 61.77890065814673 60.553937529613435 88.78464730566795 19.390093880470697 6.933343149783301 51.16832979830582 33.402364182594674 68.0838041579166 62.136740510959434 60.224016330565895 80.27481133667855 50.63409739325395 60.983477975871295 43.796594664040576 109.13121459670398
27.937865233911545 100.05691261183128 76.81337355910867 97.85768838093718 57.968133274035864 55.091733996781194 29.32883970048578 46.30860590431372 46.601657553881225 96.51569633657007 10.691334083509917 22.94003148581515 10.94273740702675 66.3661405315168 26.401859970897586 89.71030707203332 29.15455790945742 0.0 81.06331320864139 11.24051077631933 26.91175544988776 40.712977147529514 64.70340508864139 51.30057253172767 68.31707078512949 40.774977664841174 80.8998753016108 73.95452942699286 19.005630754664114 34.47052265022103 70.53105249079522 7.7057711160104905 68.65168268603274 82.29399898399406 48.564130662895764 63.9280716404412 21.61675155770788 69.66914386390195 59.40358148655692 108.2793728365467
89.955259619261 80.97478951024922 32.561941204614186 97.24891589826593 56.796696059430985 41.508251505651735 55.461949645138965 56.824678811245136 69.73762333155092 87.44016947173736 70.41580287191091 58.240329897037 73.4596095280382 16.669660865184767 96.53146248821042 59.02449755488945 55.529902275575296 81.06331320864139 0.0 84.71207906230933 74.21830367368585 40.35039048050942 90.43162739335537 29.910550174615526 110.9250909218229 96.7738737605738 20.26832231699273 107.6587920029934 63.21953166744128 48.687311796923765 22.79184251230527 81.95280305175093 67.93912128698882 21.323492616556265 83.08874364291661 103.62385893207174 100.06454316208402 49.44879983914507 33.593031283048504 98.3040273235109
16.79396855404903 93.78955402480513 75.99248132475917 89.56156361276457 53.38336914088493 53.72809611295199 29.830089470839773 42.24829359076658 39.64701125607147 89.22952115800511 17.974753059561227 28.810833136418353 21.34297036369576 69.03741695236234 15.684557406921208 85.60283286485503 37.22275528728226 11.24051077631933 84.71207906230933 0.0 19.57311905026137 44.980109833825935 55.19391800202986 54.85776022695323 57.26862389426058 29.60248606408215 81.84125215736468 63.315941336117696 21.661996927486133 41.33787710775866 71.39432781548916 3.9810434669999553 62.3689686949531 83.10617643552561 39.250530278527265 53.137029165188174 15.405574920229368 66.25991621123025 59.272306518809614 100.59732284319144
15.876764656967152 74.22953994910897 59.68580161003572 70.94920289387568 34.3284685137875 37.62608244568856 20.355092934059364 23.88598906901503 20.122341161695154 69.93088346881179 25.454570258414943 29.032851321606024 32.17578884604183 57.6631256310699 23.707441941493325 66.51522974355495 39.409655893906894 26.91175544988776 74.21830367368585 19.57311905026137 0.0 38.49562129075793 38.47744946594083 45.937204433483615 46.87775488258146 23.83516899563818 67.49072969786238 50.03607261813368 20.07031943944144 40.34742666141718 57.289142837507455 20.43994634085086 42.79732422791847 68.55437408710449 22.426658411879675 41.024927814775474 32.16552010318411 47.76905587162722 44.41156976276003 81.51904713366655
52.98319628722121 81.40182363047064 42.705892875957666 88.68686002337422 40.57325310151821 27.034603687953684 18.143165898164433 32.30235098638513 43.324459085632405 82.62149245611597 30.074624009390924 17.969518980971323 33.58202240869203 26.23918006140085 58.15509077916477 64.0898363704051 18.168166788600306 40.712977147529514 40.35039048050942 44.980109833825935 38.49562129075793 0.0 67.39777725348328 10.784616966167071 82.78714724261687 62.32626688570378 42.654566982518915 83.02898199667754 23.318873632910574 11.834569710955256 33.05374235441736 41.9428891231571 54.920198666189876 44.21074776296623 54.71822533930212 76.01606029084081 60.14642662384207 44.691726119097645 26.04729086667294 95.06738261840025
40.683506714107736 48.614693131123346 63.15309848171074 36.325231737016686 33.705401877400405 49.25109187834437 52.11155789735418 35.903142103402466 24.099983491447425 39.9101110265979 63.83442072532416 65.04914825407315 70.64376486044011 74.830132136481 48.77357576821574 53.00662713795052 75.08591295436526 64.70340508864139 90.43162739335537 55.19391800202986 38.47744946594083 67.39777725348328 0.0 69.93609190529827 23.09983436561697 32.12736104151174 75.61452576898068 17.25409760831957 56.986072958838825 73.9052826734798 68.21296629999541 57.43203223272103 26.38315272802884 75.90302562573558 16.152728924052905 16.449998683319876 61.67369692296687 44.46014446271715 56.96162242135513 48.88848919779758
61.23710304879392 77.02946612614261 34.246318226291436 86.94503496864016 39.50969859283035 23.681359250916 26.133407635623662 34.034636075956065 46.496774878703384 79.68592239051208 40.72384445885604 28.717458768455955 44.36625055227434 15.483316052650702 67.19583682562774 58.03104867269523 28.183038218931667 51.30057253172767 29.910550174615526 54.85776022695323 45.937204433483615 10.784616966167071 69.93609190529827 0.0 87.47327046470366 69.42452076409849 32.399225574711096 86.41387193953548 33.31333359063469 21.360917250476895 23.398494241386206 52.04747662438749 53.567103222629974 33.993734373552165 59.05718318902504 80.41790412886593 70.1807992806244 40.1130616411537 19.669771823573797 91.94477399418302
40.487542037581704 69.23880477598021 85.49547015155295 52.137925319953666 55.206261117507886 69.4232132594245 65.4229044066575 54.38491183121984 41.41427946338755 59.09724906097423 71.02237754316145 75.89964494241946 76.87294461497957 94.72473749053614 45.23207921230341 75.95725751440278 86.28028169212749 68.31707078512949 110.9250909218229 57.26862389426058 46.87775488258146 82.78714724261687 23.09983436561697 87.47327046470366 0.0 27.82946847967163 97.52160787431953 11.057825554164475 66.94400943002876 86.79921488929 89.41495692477669 60.614654163475954 49.455029947442355 97.94216276305936 28.419892226967825 7.320261813406549 57.77898524203732 67.0958794639155 77.36790280174753 65.33723333200446
12.839835679918709 78.84765784341937 77.933433092229 68.44897340421778 48.34092226470547 57.40645718092398 44.183210022682616 41.70865471219187 30.90825971912507 71.37959016479022 44.69893924202662 51.6277066535847 49.94901829854253 80.1057500365574 17.91608458699235 77.66685417663982 61.77890065814673 40.774977664841174 96.7738737605738 29.60248606408215 23.83516899563818 62.32626688570378 32.12736104151174 69.42452076409849 27.82946847967163 0.0 87.67586159386194 35.11110115382964 42.57628012696372 63.62569753866517 78.00740458367623 33.119906876562936 50.33268794091723 88.51966402211082 20.61280122110547 24.622228588420974 30.90716121743915 62.40091862853434 65.02334700253023 80.96023998632309
83.26766143403555 60.85869039729989 13.327276960632117 78.02920904312433 42.31724646692784 30.303220434840338 52.169595578537916 45.99079586499121 57.96000649934492 67.8024642498579 70.89139795768888 59.729053075151455 75.5876773568979 17.939261723180266 91.06305841544118 38.849566759123626 60.553937529613435 80.8998753016108 20.26832231699273 81.84125215736468 67.49072969786238 42.654566982518915 75.61452576898068 32.399225574711096 97.52160787431953 87.67586159386194 0.0 92.78905264521855 61.935510697680726 53.75937889772001 10.449707946272236 79.86289536315469 51.01789594570648 1.6341291630968164 71.12846164303443 90.22455410989993 97.09867107027094 31.931500405052677 23.079164998214285 78.33520103923377
46.91803740131643 59.25382972005251 80.20029094581122 41.246106690823794 50.95895809415241 66.38183641691496 66.63993424429584 52.47587416617468 39.970149955786866 48.738112475028345 75.21725026063558 78.47622335475185 81.55043114079413 91.96149888126892 53.017560415466384 67.8660939763264 88.78464730566795 73.95452942699286 107.6587920029934 63.315941336117696 50.03607261813368 83.02898199667754 17.25409760831957 86.41387193953548 11.057825554164475 35.11110115382964 92.78905264521855 0.0 69.83383448799967 88.44372621926225 85.46696940982768 66.29714871314383 42.77569012112018 93.0425948587807 28.67145968202271 10.498105092929478 65.94389217852996 61.39370222815024 74.148200141918 54.42675500347908
31.446444359413874 84.99979387401669 57.94256292427681 86.13099294507987 41.88937113411289 36.55597842992947 10.612546270338198 30.251591673269235 34.70799963546876 82.99687337603663 10.005367153653168 9.075029591844762 16.676977060286905 47.895261939214684 35.335962156801685 72.49482875947378 19.390093880470697 19.005630754664114 63.21953166744128 21.661996927486133 20.07031943944144 23.318873632910574 56.986072958838825 33.31333359063469 66.94400943002876 42.57628012696372 61.935510697680726 69.83383448799967 0.0 21.237490930779593 51.54672788694599 18.734143141677606 54.31470218245371 63.31589590417095 41.537307594254045 61.05607828430876 36.8906770176387 52.1651753475481 40.454389004786826 95.23099232129658
52.68299157232199 92.33004417740206 54.50725371351501 98.1899904963134 50.40304381214367 38.25732042523731 21.84850917263895 40.74399867333071 49.992498028646196 92.8573941972356 24.03838873864594 12.61738135432762 25.30763369904886 36.54924454240677 56.116440193822946 75.65662164667341 6.933343149783301 34.47052265022103 48.687311796923765 41.33787710775866 40.34742666141718 11.834569710955256 73.9052826734798 21.360917250476895 86.79921488929 63.62569753866517 53.75937889772001 88.44372621926225 21.237490930779593 0.0 44.52724423672506 37.72363182631804 64.57907285548076 55.351571265537416 59.772972557909924 80.46721625425926 55.532653138908735 55.959703661288614 37.85082146437261 105.33122728505185
73.11748701846838 60.29192643323942 12.307823937407173 74.98045003055088 34.51358611943067 20.684583196382007 41.72411383964618 36.53215994562386 48.959588702705005 65.65064043049576 60.609648912004836 49.6512042778483 65.48067025115868 11.753650680237605 80.78065977067082 39.03277151575528 51.16832979830582 70.53105249079522 22.79184251230527 71.39432781548916 57.289142837507455 33.05374235441736 68.21296629999541 23.398494241386206 89.41495692477669 78.00740458367623 10.449707946272236 85.46696940982768 51.54672788694599 44.52724423672506 0.0 69.41588303717509 45.153160954251355 11.774118048438266 62.286720468868914 82.09483759480435 86.66106474295694 26.742850813394043 13.005851683538951 77.02966075644514
20.280580092834306 94.48103257567935 74.57247149699327 91.18556791457412 53.28134488501851 52.41803805794904 27.694663665879578 41.87595883892138 40.51583190688792 90.37063508920235 14.09940509576529 25.29670559508276 17.395034699822805 66.5151762163453 19.6653833309648 85.39632384766338 33.402364182594674 7.7057711160104905 81.95280305175093 3.9810434669999553 20.43994634085086 41.9428891231571 57.43203223272103 52.04747662438749 60.614654163475954 33.119906876562936 79.86289536315469 66.29714871314383 18.734143141677606 37.72363182631804 69.41588303717509 0.0 63.014009335006996 81.17068067983001 41.346194344133366 56.238533598960444 18.20718942108437 65.7411695612923 57.57152413649215 101.93319577313177
53.283986345537265 31.467199143094284 37.96822924517054 33.766805456858314 14.352346254380612 30.017990894508735 45.49258731596337 24.466694363945567 22.808549123666857 28.7650544391571 63.64003959729095 59.788762343359764 70.69873798659388 53.92683056679562 62.46932106531674 27.68730181634115 68.0838041579166 68.65168268603274 67.93912128698882 62.3689686949531 42.79732422791847 54.920198666189876 26.38315272802884 53.567103222629974 49.455029947442355 50.33268794091723 51.01789594570648 42.77569012112018 54.31470218245371 64.57907285548076 45.153160954251355 63.014009335006996 0.0 51.065364416311446 29.742005518361477 42.5780360670951 73.70701345575179 19.09577662216189 36.26184258705649 41.14224953637468
84.29960294987633 60.049140330175796 13.161342818545618 77.54709966415487 42.76546613315017 31.21919698055697 53.48458487686282 46.81383892342274 58.63837900610945 67.20307146277943 72.32630273926392 61.22025300383733 77.07493636711189 19.57337884010418 92.1630755611254 38.01653487804072 62.136740510959434 82.29399898399406 21.323492616556265 83.10617643552561 68.55437408710449 44.21074776296623 75.90302562573558 33.993734373552165 97.94216276305936 88.51966402211082 1.6341291630968164 93.0425948587807 63.31589590417095 55.351571265537416 11.774118048438266 81.17068067983001 51.065364416311446 0.0 71.74889167259478 90.65590982121066 98.33761854279983 31.97037979631799 24.164415897361405 77.59628666479885
25.810150933921463 58.664525216910576 60.103896921632234 50.74549580299678 29.546969219792167 41.8041596454874 37.98292553545517 26.273597778033075 13.374896041450642 51.98723331839345 47.86559831489331 49.97581428609681 54.59696466032432 66.68410283600771 34.58625675244172 57.21169030677688 60.224016330565895 48.564130662895764 83.08874364291661 39.250530278527265 22.426658411879675 54.71822533930212 16.152728924052905 59.05718318902504 28.419892226967825 20.61280122110547 71.12846164303443 28.67145968202271 41.537307594254045 59.772972557909924 62.286720468868914 41.346194344133366 29.742005518361477 71.74889167259478 0.0 21.392062771239612 47.02356136859478 43.14488827838692 49.767028722245286 62.47277191791384
36.5912211634144 64.0490024386242 78.25295926646766 48.569134340442695 47.907341365076974 62.118376803063036 58.89686826937311 47.1507157686452 34.197251201029786 54.426708335834896 65.77860928945121 69.90230478414568 71.90919515788026 87.45070424202018 42.52248310652019 69.45387653631113 80.27481133667855 63.9280716404412 103.62385893207174 53.137029165188174 41.024927814775474 76.01606029084081 16.449998683319876 80.41790412886593 7.320261813406549 24.622228588420974 90.22455410989993 10.498105092929478 61.05607828430876 80.46721625425926 82.09483759480435 56.238533598960444 42.5780360670951 90.65590982121066 21.392062771239612 0.0 55.44634066499816 59.93348202994989 70.05897436649184 61.71786394872585
21.214752978735657 104.63771260174084 90.8116776360346 97.61432326375154 66.45681208864872 68.51539863507301 45.211472710864015 55.952792134259084 51.016261170667974 98.85103036636703 31.51326481793931 43.32447492703165 32.42076732862745 84.44136121276918 13.05502030048313 98.56832209540082 50.63409739325395 21.61675155770788 100.06454316208402 15.405574920229368 32.16552010318411 60.14642662384207 61.67369692296687 70.1807992806244 57.77898524203732 30.90716121743915 97.09867107027094 65.94389217852996 36.8906770176387 55.532653138908735 86.66106474295694 18.20718942108437 73.70701345575179 98.33761854279983 47.02356136859478 55.44634066499816 0.0 79.9189998358348 74.38105691515345 109.49601724569597
61.72877178811181 36.96621940030271 18.89829862662338 48.570336077055096 14.123293951239567 17.705298392407748 41.75389028208051 24.03453392642996 31.540239819679762 40.046503031634344 62.16223471274272 54.89919159069662 68.71140251695947 36.71612268659975 70.65830942432493 20.38333283671247 60.983477975871295 69.66914386390195 49.44879983914507 66.25991621123025 47.76905587162722 44.691726119097645 44.46014446271715 40.1130616411537 67.0958794639155 62.40091862853434 31.931500405052677 61.39370222815024 52.1651753475481 55.959703661288614 26.742850813394043 65.7411695612923 19.09577662216189 31.97037979631799 43.14488827838692 59.93348202994989 79.9189998358348 0.0 20.658989702000937 52.068669288326525
60.19788410063346 57.4272165221684 17.616646633434947 68.58953873549811 23.597261421925193 7.968834931398245 30.12269460969573 23.710489230042295 36.39337276414007 60.61293530987983 50.02992300843491 40.12751838052479 55.56935176259591 17.985441534916088 67.99942683535826 38.4971786124507 43.796594664040576 59.40358148655692 33.593031283048504 59.272306518809614 44.41156976276003 26.04729086667294 56.96162242135513 19.669771823573797 77.36790280174753 65.02334700253023 23.079164998214285 74.148200141918 40.454389004786826 37.85082146437261 13.005851683538951 57.57152413649215 36.26184258705649 24.164415897361405 49.767028722245286 70.05897436649184 74.38105691515345 20.658989702000937 0.0 72.71353635751004
88.28167177302389 17.834095916700146 65.79627107978828 13.202641773493326 54.969458669762 68.54293128559385 86.63041533245932 65.608835009434 61.70367814484243 12.473925984751395 104.27976090699677 100.9292952142813 111.37593192902808 88.10449707097824 96.9403032475255 39.69931786616154 109.13121459670398 108.2793728365467 98.3040273235109 100.59732284319144 81.51904713366655 95.06738261840025 48.88848919779758 91.94477399418302 65.33723333200446 80.96023998632309 78.33520103923377 54.42675500347908 95.23099232129658 105.33122728505185 77.02966075644514 101.93319577313177 41.14224953637468 77.59628666479885 62.47277191791384 61.71786394872585 109.49601724569597 52.068669288326525 72.71353635751004 0.0
