the first, second, third, forth line is n, optDist, optRoute, optTime respectively
the remaining lines are the distMatrix
40
531.1749366258078
[0, 1, 14, 6, 4, 22, 16, 28, 15, 9, 19, 38, 36, 31, 32, 25, 20, 13, 18, 23, 29, 2, 11, 10, 21, 37, 3, 5, 17, 35, 8, 34, 7, 27, 26, 12, 33, 39, 30, 24, 0]
18.61434054374695

0.0 9.571581256647487 51.357488979374324 73.9958945376509 23.58192556426111 75.2130723899834 15.871248602930512 45.13358760514728 66.63370465913799 35.81888733856187 67.99593201507635 62.340403378915276 37.68166597287907 48.37641603798458 12.211734142975939 43.43090277085094 38.287783855533974 70.8552153853505 75.23943275781099 24.861353370484824 42.03868937676595 74.4449186221193 27.301042816405435 86.49103184518 6.595123080346292 39.0364432845512 55.20558887752561 39.31645334889949 35.02369799600369 90.37854284850957 13.774130582803195 35.789959270835915 32.88010870841772 25.91439410336217 58.89948634877738 62.957723318617994 24.0354852456022 80.68220184588753 20.151024285621254 12.30514899266918
9.571581256647487 0.0 45.62392843715492 65.73393226808025 14.04614666245998 66.61084266680449 7.000679091782429 36.60474874724595 57.78832185996887 32.96884609128763 60.048131566230616 54.90141312056638 34.16960588783426 50.9991834438449 2.6863522011569017 37.18488662284856 28.717459283557254 62.48367699718312 72.70441210845388 26.457267467043238 46.99843366256903 66.8127252996586 17.802374324797164 83.60865735841571 12.977070270516567 47.18587853971093 51.83542265423636 31.294938350384395 25.86887949580891 87.19657177188853 22.149726858480733 44.92382128891397 41.349206773730764 24.931219496570908 49.328160536809996 54.43297277775226 32.934076996353454 72.8491087949412 28.839484178133137 19.362048807971238
51.357488979374324 45.62392843715492 0.0 31.448301608372486 41.50990579614619 35.50944582296322 39.331942617584794 57.53502494306573 32.12882963080828 19.777806588704106 24.307843809750864 16.619042720147203 73.49336910515082 43.585730597104316 44.77237704454105 8.752935400516265 39.42801337942905 29.955649224838965 33.88818300233127 36.062753129912885 52.12111484641811 27.546703163001553 41.88758918927874 42.47386638742688 57.36185554630111 67.71100013716713 89.11701297962584 57.72563710110825 29.862856139484204 44.979825069415114 64.9199300506399 72.62792134313035 65.51150738885947 68.75965334728967 45.726872192861215 26.162624215652226 62.32245897553346 34.20354075362124 58.698506321374765 63.585037664015346
73.9958945376509 65.73393226808025 31.448301608372486 0.0 55.488979335973845 5.394028667847991 58.7359450956917 58.69582094918742 11.832690538323225 50.136155046311536 7.155073852488747 14.829438223645747 82.99070724263188 74.94913578491017 63.84245227395747 34.34880130398935 44.66805226604366 3.5646381812842995 54.34018355093599 65.40588106197832 83.41661177191544 8.34692477395601 53.621985826881975 57.442063260896845 78.69601127748535 97.84189703347404 94.64888834671031 62.3660195775136 40.86968713689829 57.38336044557379 87.62456568771401 101.5068239483947 94.87692646283956 83.25887214360367 35.34516837922753 11.759161380539789 90.27503420820307 9.190058755015222 86.27680107222182 85.09518579155586
23.58192556426111 14.04614666245998 41.50990579614619 55.488979335973845 0.0 55.55514479099408 9.81372636076258 24.41859809304689 46.26014354380435 35.13106693996757 50.64102150457958 46.78490926018106 32.03614966668786 58.83414608079275 11.375686968992502 32.78258805990425 14.790814982254284 52.045076270133876 72.75815538631069 35.049585359096326 57.469584972913275 57.93440002969833 3.8115835974253054 82.83086889401866 25.718524340770802 60.43781645319031 48.320312834902225 20.59804897809292 14.654856392387734 85.86673001120985 35.127193181658505 58.83693911254305 54.875489741116574 28.310094258442323 35.42331948162349 43.79691851793756 46.768955477694206 63.42397491705656 42.60298582331696 31.616436496211147
75.2130723899834 66.61084266680449 35.50944582296322 5.394028667847991 55.55514479099408 0.0 59.654609487610564 56.48942074184007 9.6226398487502 53.510020457819465 11.50756594228864 19.055545774891474 81.66969567172866 79.09422445570644 64.56972179991162 37.4336759024905 43.70524993596293 5.55385306101931 59.67224929160564 68.28790075259654 87.06710814739505 13.681986000003649 53.36885095459374 62.8322656690073 79.5837003185474 100.79968116314068 92.53286063076666 60.63521959682951 41.14428597137517 62.74100896298776 88.68319690141175 104.00045498092807 97.56191697079765 82.80086765465789 32.10547273038681 12.278898784583783 92.55273258050087 13.03769073180574 88.48063089869906 85.9359963470878
15.871248602930512 7.000679091782429 39.331942617584794 58.7359450956917 9.81372636076258 59.654609487610564 0.0 34.131442407787446 50.90046205237181 28.614929025077004 53.054755074898075 47.98207577699086 37.113674701642516 49.92680910513287 5.482175993329543 30.73970865875279 23.32608146959636 55.492480865072324 67.87764152071581 25.698397427526114 47.815042488826585 59.85014102957477 13.512374022161065 78.52036518207171 19.963627336996883 50.81843367494622 54.4225211053061 29.815637860026158 19.152796366944877 81.92843289313558 29.04078920292154 49.76964782893588 45.41314344416369 29.827143306661632 43.655136554588694 47.45834403758208 37.6357191119844 65.8613905134688 33.40961794788516 26.35929804188299
45.13358760514728 36.60474874724595 57.53502494306573 58.69582094918742 24.41859809304689 56.48942074184007 34.131442407787446 0.0 47.09929359414585 57.26885958540469 56.53450790851288 55.93929254468308 27.494210241344 82.80938639657865 34.06282989047581 49.7872493672419 18.121685181829616 55.189000461476304 91.16939549723517 59.40647441914449 81.8879227595604 64.1142243612324 21.065559027379575 99.98134411970433 44.60335890178209 83.78070588192423 36.04367108131225 6.860710709198138 28.159921094818525 102.27146920530592 53.092794443214835 80.8610322201714 77.85739250182509 34.4084926295182 25.829883773602656 47.73529731113357 69.16440431173694 67.80614938224527 65.21026140811041 48.78897396534286
66.63370465913799 57.78832185996887 32.12882963080828 11.832690538323225 46.26014354380435 9.6226398487502 50.90046205237181 47.09929359414585 0.0 48.06519227820071 12.64125285226186 17.69350932133355 72.05497163687266 75.00422110542718 55.64452271867285 31.88424239340358 34.10363404664225 8.578220729415214 60.75288955185202 61.78017936858978 81.79368878217402 18.862322666260017 43.937393706552065 65.5486795145096 70.72269689406504 94.20474947391753 83.12197037159021 51.078420920490345 32.05595556248387 66.1257414213941 79.92847953879397 96.71505827663316 90.5679121929709 73.26289655856445 23.548914111436215 5.968354874825116 85.02853269703186 21.01916143261278 80.88131400963627 77.02396680028087
35.81888733856187 32.96884609128763 19.777806588704106 50.136155046311536 35.13106693996757 53.510020457819465 28.614929025077004 57.26885958540469 48.06519227820071 0.0 43.02883530878329 35.57358173101306 65.70218727214817 28.206636322523508 33.19522406894517 16.210396353158558 40.414166857472665 48.07037402212262 39.78103587004292 16.415298501828495 33.73492451731415 47.15179939200018 37.26201630136622 50.8382852439045 42.33732536137113 48.00903901486453 82.85474433639621 55.10668050617923 30.330691090990417 54.61607392578962 48.43756013218434 52.90067864098808 45.7390266308224 57.85587674410962 54.372936651789374 42.44861638423852 42.89700032464119 53.82794342420406 39.472374374975715 48.005186126325036
67.99593201507635 60.048131566230616 24.307843809750864 7.155073852488747 50.64102150457958 11.50756594228864 53.054755074898075 56.53450790851288 12.64125285226186 43.02883530878329 0.0 7.693476459767544 79.48375306942549 67.84378865706381 58.29802372920888 27.36577012117583 41.11889916996645 6.136723235258431 48.93524560616006 58.430920834414444 76.26337907274521 7.632832713481943 49.12881595067322 53.10285132091135 72.94616698276894 90.81704105283148 92.09994344187028 59.52646625708957 36.00226957973984 53.543829913998415 81.70884508976356 94.66033170675281 87.95257365750683 78.77083453614374 35.19465125057654 9.017686192371604 83.54444448248246 12.83899651614982 79.5906165358786 79.36396745765875
62.340403378915276 54.90141312056638 16.619042720147203 14.829438223645747 46.78490926018106 19.055545774891474 47.98207577699086 55.93929254468308 17.69350932133355 35.57358173101306 7.693476459767544 0.0 77.02246541327143 60.15250169690441 53.36964622841142 20.304287438367805 39.20353732944446 13.530450139013034 43.114372991960096 51.241169386110045 68.63692960387333 12.203216933588083 45.78156097666455 48.50092905716235 67.62182714316836 83.49806593112699 90.68162486955988 58.088020555021856 32.45952636135912 49.522155800254126 76.11147612088071 87.64856733502234 80.81631175562572 75.09485746010586 37.36282603143123 12.18174514877252 76.73414959532657 18.72968653782168 72.85815135265716 74.03415167135256
37.68166597287907 34.16960588783426 73.49336910515082 82.99070724263188 32.03614966668786 81.66969567172866 37.113674701642516 27.494210241344 72.05497163687266 65.70218727214817 79.48375306942549 77.02246541327143 0.0 85.01937447942376 33.0688907550162 64.79129545134967 38.39931439753156 79.42625041492111 104.49965030105115 60.55021494322311 79.69829563071598 87.08135686481288 31.767670409857498 114.77039184630891 33.23372051447218 74.69543649758633 17.700708522462065 21.591916637779704 44.82706571456443 117.87521754586787 38.04412551834644 68.60285090544542 68.15532079429667 13.431030276882943 52.90178714022569 71.38078283007735 58.84256715994255 91.74280758554646 55.86310219995962 33.81386329671267
48.37641603798458 50.9991834438449 43.585730597104316 74.94913578491017 58.83414608079275 79.09422445570644 49.92680910513287 82.80938639657865 75.00422110542718 28.206636322523508 67.84378865706381 60.15250169690441 85.01937447942376 0.0 52.517722126914194 43.481067943836955 67.33052651147925 73.54064533731382 40.74859122615932 24.55232454209389 13.550759251282502 70.11461248472779 61.83537351349546 51.52629438215044 54.389632695146055 34.09984742967545 102.7199017024882 79.42625221338422 57.71361172593058 56.21481809166805 55.983246628372065 43.42873931462532 35.98129599314408 74.19616511297178 82.5351139814179 69.14527580108071 39.3819124948033 76.51955828418411 38.46339039406743 57.79316321962126
12.211734142975939 2.6863522011569017 44.77237704454105 63.84245227395747 11.375686968992502 64.56972179991162 5.482175993329543 34.06282989047581 55.64452271867285 33.19522406894517 58.29802372920888 53.36964622841142 33.0688907550162 52.517722126914194 0.0 36.20556765442395 26.08514417070738 60.549914705886415 72.76742305311168 27.97640204697354 49.03919011589414 65.17682123059414 15.121152478265707 83.53986943575238 15.097254654251817 49.76866835151985 50.63948266520288 28.89432827092555 23.630018314663488 87.02980805954218 24.416701112558094 47.60563285935995 43.97604563973578 24.74636785794071 46.70903328585169 52.444507124497434 35.60557923095663 71.12368299492097 31.49934034033992 21.38152870604204
43.43090277085094 37.18488662284856 8.752935400516265 34.34880130398935 32.78258805990425 37.4336759024905 30.73970865875279 49.7872493672419 31.88424239340358 16.210396353158558 27.36577012117583 20.304287438367805 64.79129545134967 43.481067943836955 36.20556765442395 0.0 31.69164529762124 32.064478631691514 41.40182210313026 31.06700915042732 49.942267109367116 32.39878879749077 33.27390274949847 50.651282962552735 49.23145900208562 63.496743499091366 80.56527345041759 49.52033951074337 21.734311646055023 53.385990019592114 57.131068501080485 67.36134891836491 60.593292368024734 60.035511687101206 40.857454984493074 26.23847262587296 56.44137821515927 39.00600980893324 52.592431809824994 55.537432538119724
38.287783855533974 28.717459283557254 39.42801337942905 44.66805226604366 14.790814982254284 43.70524993596293 23.32608146959636 18.121685181829616 34.10363404664225 40.414166857472665 41.11889916996645 39.20353732944446 38.39931439753156 67.33052651147925 26.08514417070738 31.69164529762124 0.0 41.10819761278544 73.05414534031088 45.51806546929437 68.36479854077065 48.73497229087297 11.329564581030194 81.8912951656275 40.44477446266744 73.87821820151123 51.48456718085188 18.954848185779895 10.290704761518407 84.24745113472754 49.83672888123357 73.08930541558745 68.65504622317691 39.29928546537342 20.635173846279404 33.00171532995194 60.95907120895267 53.350164632654305 56.73549102792775 46.193181044108016
70.8552153853505 62.48367699718312 29.955649224838965 3.5646381812842995 52.045076270133876 5.55385306101931 55.492480865072324 55.189000461476304 8.578220729415214 48.07037402212262 6.136723235258431 13.530450139013034 79.42625041492111 73.54064533731382 60.549914705886415 32.064478631691514 41.10819761278544 0.0 54.915735246188774 63.02283189103194 81.57269838431301 10.478068493341784 50.127217082427144 58.68858380677923 75.45598852748138 95.51706050621243 91.12077185263428 58.81316660073883 37.450462051549955 58.89653796828175 84.43936111524826 98.91873185837845 92.39091960180224 79.7489045556578 32.11980957754945 8.257738159831764 87.57391793954908 12.626430726899574 83.53848707443898 81.84456595570073
75.23943275781099 72.70441210845388 33.88818300233127 54.34018355093599 72.75815538631069 59.67224929160564 67.87764152071581 91.16939549723517 60.75288955185202 39.78103587004292 48.93524560616006 43.114372991960096 104.49965030105115 40.74859122615932 72.76742305311168 41.40182210313026 73.05414534031088 54.915735246188774 0.0 52.112809817006564 54.1338371980959 46.58346210653445 73.9485357185201 11.495091267894034 81.82249346568462 74.44448188834444 121.07572697221025 90.81729450569088 63.128447738110594 15.910329398134303 87.0439650854112 82.95015104526851 75.28936722545933 97.50699745755108 78.75608111192219 55.2775946903924 76.31510706821008 51.049764612533615 74.04684730848115 87.17699706767067
24.861353370484824 26.457267467043238 36.062753129912885 65.40588106197832 35.049585359096326 68.28790075259654 25.698397427526114 59.40647441914449 61.78017936858978 16.415298501828495 58.430920834414444 51.241169386110045 60.55021494322311 24.55232454209389 27.97640204697354 31.06700915042732 45.51806546929437 63.02283189103194 52.112809817006564 0.0 22.84809268900134 63.11973565966151 38.35139931766202 63.58110303538722 31.29858566076916 32.51498008292019 78.24341279858336 55.47716032428045 37.068358177991094 67.78498416712843 35.149609417637365 36.57468644975504 29.5830456037857 50.16773120486135 63.307809912481765 56.58113699226329 26.52607714344734 69.78688112788146 23.255574078819052 35.82453264512434
42.03868937676595 46.99843366256903 52.12111484641811 83.41661177191544 57.469584972913275 87.06710814739505 47.815042488826585 81.8879227595604 81.79368878217402 33.73492451731415 76.26337907274521 68.63692960387333 79.69829563071598 13.550759251282502 49.03919011589414 49.942267109367116 68.36479854077065 81.57269838431301 54.1338371980959 22.84809268900134 0.0 79.5236486900884 60.92182362896765 65.03040608676721 47.210119080424896 20.558014039482206 97.24358935562319 77.55518498149304 59.74347803732174 69.70822854596203 46.81560028402048 30.133416589730157 22.895961327217456 67.74684163719891 85.7916448576423 76.18006577907175 27.722836759279055 86.11279729392939 27.78868440245131 49.38422570781408
74.4449186221193 66.8127252996586 27.546703163001553 8.34692477395601 57.93440002969833 13.681986000003649 59.85014102957477 64.1142243612324 18.862322666260017 47.15179939200018 7.632832713481943 12.203216933588083 87.08135686481288 70.11461248472779 65.17682123059414 32.39878879749077 48.73497229087297 10.478068493341784 46.58346210653445 63.11973565966151 79.5236486900884 0.0 56.55479092753744 49.20526619626894 79.61873143965587 95.16071764619473 99.72576007872738 67.15804347546683 43.343952487783646 49.05918022772524 88.20674175871507 99.62744913482753 92.69869641932398 86.15059502777854 42.188789250803076 16.428489399260933 88.83418761141888 6.676682636418591 84.99037353940723 86.03749459278353
27.301042816405435 17.802374324797164 41.88758918927874 53.621985826881975 3.8115835974253054 53.36885095459374 13.512374022161065 21.065559027379575 43.937393706552065 37.26201630136622 49.12881595067322 45.78156097666455 31.767670409857498 61.83537351349546 15.121152478265707 33.27390274949847 11.329564581030194 50.127217082427144 73.9485357185201 38.35139931766202 60.92182362896765 56.55479092753744 0.0 83.75073672926247 29.134021668131254 64.22977831181304 47.30975836293585 17.886254897413984 13.322036048459335 86.62546497749696 38.51634641438076 62.639229315810006 58.68367694435352 29.66720947141508 31.884380195357153 41.87151803628475 50.576667711050256 61.81251368858803 46.41324881387177 34.865848928553355
86.49103184518 83.60865735841571 42.47386638742688 57.442063260896845 82.83086889401866 62.8322656690073 78.52036518207171 99.98134411970433 65.5486795145096 50.8382852439045 53.10285132091135 48.50092905716235 114.77039184630891 51.52629438215044 83.53986943575238 50.651282962552735 81.8912951656275 58.68858380677923 11.495091267894034 63.58110303538722 65.03040608676721 49.20526619626894 83.75073672926247 0.0 93.06009033410047 85.47486725877975 131.0406904660704 100.13681239498564 72.28271278854163 4.714875145859304 98.44859463257936 94.19087919331999 86.54566881195272 108.2805868888423 85.47132953549104 60.558077906060845 87.76329102125679 52.43475273280478 85.52997737172494 98.499710473907
6.595123080346292 12.977070270516567 57.36185554630111 78.69601127748535 25.718524340770802 79.5837003185474 19.963627336996883 44.60335890178209 70.72269689406504 42.33732536137113 72.94616698276894 67.62182714316836 33.23372051447218 54.389632695146055 15.097254654251817 49.23145900208562 40.44477446266744 75.45598852748138 81.82249346568462 31.29858566076916 47.210119080424896 79.61873143965587 29.134021668131254 93.06009033410047 0.0 41.739925146686076 50.38401421715642 38.288720361595146 38.72663757315254 96.92764295337479 9.411527503692195 36.87176091777348 35.287464817804455 20.610236485047178 61.01250195320473 67.41002705896891 26.025596081229562 85.72339154191066 22.739825944087954 6.420064886521966
39.0364432845512 47.18587853971093 67.71100013716713 97.84189703347404 60.43781645319031 100.79968116314068 50.81843367494622 83.78070588192423 94.20474947391753 48.00903901486453 90.81704105283148 83.49806593112699 74.69543649758633 34.09984742967545 49.76866835151985 63.496743499091366 73.87821820151123 95.51706050621243 74.44448188834444 32.51498008292019 20.558014039482206 95.16071764619473 64.22977831181304 85.47486725877975 41.739925146686076 0.0 91.22702333245832 78.24168659922815 67.23593058676585 90.13346628890308 37.31361344737234 10.64607416160972 6.578465152804558 61.512944123437535 93.46306160513198 89.07741668974853 15.862521975786121 101.8366815550897 19.051824135403972 41.155846364605516
55.20558887752561 51.83542265423636 89.11701297962584 94.64888834671031 48.320312834902225 92.53286063076666 54.4225211053061 36.04367108131225 83.12197037159021 82.85474433639621 92.09994344187028 90.68162486955988 17.700708522462065 102.7199017024882 50.63948266520288 80.56527345041759 51.48456718085188 91.12077185263428 121.07572697221025 78.24341279858336 97.24358935562319 99.72576007872738 47.30975836293585 131.0406904660704 50.38401421715642 91.22702333245832 0.0 32.62753081205638 59.561477864807244 133.93432054406844 54.01701213983984 84.36737988388944 84.65105061788512 29.85523581163641 61.42087017786625 83.48035489306871 75.38453928362725 103.70945188151433 72.69185599530188 50.07120617762539
39.31645334889949 31.294938350384395 57.72563710110825 62.3660195775136 20.59804897809292 60.63521959682951 29.815637860026158 6.860710709198138 51.078420920490345 55.10668050617923 59.52646625708957 58.088020555021856 21.591916637779704 79.42625221338422 28.89432827092555 49.52033951074337 18.954848185779895 58.81316660073883 90.81729450569088 55.47716032428045 77.55518498149304 67.15804347546683 17.886254897413984 100.13681239498564 38.288720361595146 78.24168659922815 32.62753081205638 0.0 27.864256815945993 102.70049785775431 46.553113102567664 74.84990963538579 72.18088698468922 27.583098222492954 31.318397599255796 51.00919783961706 63.323295770289185 71.33073172076298 59.4655620887998 42.20822040038465
35.02369799600369 25.86887949580891 29.862856139484204 40.86968713689829 14.654856392387734 41.14428597137517 19.152796366944877 28.159921094818525 32.05595556248387 30.330691090990417 36.00226957973984 32.45952636135912 44.82706571456443 57.71361172593058 23.630018314663488 21.734311646055023 10.290704761518407 37.450462051549955 63.128447738110594 37.068358177991094 59.74347803732174 43.343952487783646 13.322036048459335 72.28271278854163 38.72663757315254 67.23593058676585 59.561477864807244 27.864256815945993 0.0 74.8411855233526 48.008142404578365 67.70776621467115 62.52346017793679 42.80783221348772 26.359963595661878 29.221903604587844 55.62467097621605 48.77233833187172 51.37233246819253 44.990407209057736
90.37854284850957 87.19657177188853 44.979825069415114 57.38336044557379 85.86673001120985 62.74100896298776 81.92843289313558 102.27146920530592 66.1257414213941 54.61607392578962 53.543829913998415 49.522155800254126 117.87521754586787 56.21481809166805 87.02980805954218 53.385990019592114 84.24745113472754 58.89653796828175 15.910329398134303 67.78498416712843 69.70822854596203 49.05918022772524 86.62546497749696 4.714875145859304 96.92764295337479 90.13346628890308 133.93432054406844 102.70049785775431 74.8411855233526 0.0 102.51521099554967 98.79050333609528 91.13825704608911 111.73972921712964 86.78071536411835 61.38934842571685 92.22117286777106 51.732891673885945 89.92196013156985 102.45710442387234
13.774130582803195 22.149726858480733 64.9199300506399 87.62456568771401 35.127193181658505 88.68319690141175 29.04078920292154 53.092794443214835 79.92847953879397 48.43756013218434 81.70884508976356 76.11147612088071 38.04412551834644 55.983246628372065 24.416701112558094 57.131068501080485 49.83672888123357 84.43936111524826 87.0439650854112 35.149609417637365 46.81560028402048 88.20674175871507 38.51634641438076 98.44859463257936 9.411527503692195 37.31361344737234 54.01701213983984 46.553113102567664 48.008142404578365 102.51521099554967 0.0 30.562462593066563 30.73893705756856 24.632487335409508 70.37896043089619 76.46442428889007 21.59687134086248 94.42168278290492 19.575588438664116 4.433189624734422
35.789959270835915 44.92382128891397 72.62792134313035 101.5068239483947 58.83693911254305 104.00045498092807 49.76964782893588 80.8610322201714 96.71505827663316 52.90067864098808 94.66033170675281 87.64856733502234 68.60285090544542 43.42873931462532 47.60563285935995 67.36134891836491 73.08930541558745 98.91873185837845 82.95015104526851 36.57468644975504 30.133416589730157 99.62744913482753 62.639229315810006 94.19087919331999 36.87176091777348 10.64607416160972 84.36737988388944 74.84990963538579 67.70776621467115 98.79050333609528 30.562462593066563 0.0 7.673885938454652 55.19490495467442 93.34548763383059 91.95717979335407 12.140140979526642 106.28200849216398 16.386735179911163 34.81440087559713
32.88010870841772 41.349206773730764 65.51150738885947 94.87692646283956 54.875489741116574 97.56191697079765 45.41314344416369 77.85739250182509 90.5679121929709 45.7390266308224 87.95257365750683 80.81631175562572 68.15532079429667 35.98129599314408 43.97604563973578 60.593292368024734 68.65504622317691 92.39091960180224 75.28936722545933 29.5830456037857 22.895961327217456 92.69869641932398 58.68367694435352 86.54566881195272 35.287464817804455 6.578465152804558 84.65105061788512 72.18088698468922 62.52346017793679 91.13825704608911 30.73893705756856 7.673885938454652 0.0 54.95014227420622 88.55162558756052 85.63888058173966 9.313301518699829 99.36766228754209 12.74519176536666 34.579953664964115
25.91439410336217 24.931219496570908 68.75965334728967 83.25887214360367 28.310094258442323 82.80086765465789 29.827143306661632 34.4084926295182 73.26289655856445 57.85587674410962 78.77083453614374 75.09485746010586 13.431030276882943 74.19616511297178 24.74636785794071 60.035511687101206 39.29928546537342 79.7489045556578 97.50699745755108 50.16773120486135 67.74684163719891 86.15059502777854 29.66720947141508 108.2805868888423 20.610236485047178 61.512944123437535 29.85523581163641 27.583098222492954 42.80783221348772 111.73972921712964 24.632487335409508 55.19490495467442 54.95014227420622 0.0 57.34898642611916 71.50103527395828 45.65094290210382 91.47713754251971 42.853352962605754 20.454334340431593
58.89948634877738 49.328160536809996 45.726872192861215 35.34516837922753 35.42331948162349 32.10547273038681 43.655136554588694 25.829883773602656 23.548914111436215 54.372936651789374 35.19465125057654 37.36282603143123 52.90178714022569 82.5351139814179 46.70903328585169 40.857454984493074 20.635173846279404 32.11980957754945 78.75608111192219 63.307809912481765 85.7916448576423 42.188789250803076 31.884380195357153 85.47132953549104 61.01250195320473 93.46306160513198 61.42087017786625 31.318397599255796 26.359963595661878 86.78071536411835 70.37896043089619 93.34548763383059 88.55162558756052 57.34898642611916 0.0 26.271902479965984 81.20615595068826 44.49782927429176 76.95941773088518 66.63311412349648
62.957723318617994 54.43297277775226 26.162624215652226 11.759161380539789 43.79691851793756 12.278898784583783 47.45834403758208 47.73529731113357 5.968354874825116 42.44861638423852 9.017686192371604 12.18174514877252 71.38078283007735 69.14527580108071 52.444507124497434 26.23847262587296 33.00171532995194 8.257738159831764 55.2775946903924 56.58113699226329 76.18006577907175 16.428489399260933 41.87151803628475 60.558077906060845 67.41002705896891 89.07741668974853 83.48035489306871 51.00919783961706 29.221903604587844 61.38934842571685 76.46442428889007 91.95717979335407 85.63888058173966 71.50103527395828 26.271902479965984 0.0 80.41853028666976 20.3719644116459 76.32106482382848 73.7811750188728
24.0354852456022 32.934076996353454 62.32245897553346 90.27503420820307 46.768955477694206 92.55273258050087 37.6357191119844 69.16440431173694 85.02853269703186 42.89700032464119 83.54444448248246 76.73414959532657 58.84256715994255 39.3819124948033 35.60557923095663 56.44137821515927 60.95907120895267 87.57391793954908 76.31510706821008 26.52607714344734 27.722836759279055 88.83418761141888 50.576667711050256 87.76329102125679 26.025596081229562 15.862521975786121 75.38453928362725 63.323295770289185 55.62467097621605 92.22117286777106 21.59687134086248 12.140140979526642 9.313301518699829 45.65094290210382 81.20615595068826 80.41853028666976 0.0 95.4472898195017 4.254998420000356 25.321298443965873
80.68220184588753 72.8491087949412 34.20354075362124 9.190058755015222 63.42397491705656 13.03769073180574 65.8613905134688 67.80614938224527 21.01916143261278 53.82794342420406 12.83899651614982 18.72968653782168 91.74280758554646 76.51955828418411 71.12368299492097 39.00600980893324 53.350164632654305 12.626430726899574 51.049764612533615 69.78688112788146 86.11279729392939 6.676682636418591 61.81251368858803 52.43475273280478 85.72339154191066 101.8366815550897 103.70945188151433 71.33073172076298 48.77233833187172 51.732891673885945 94.42168278290492 106.28200849216398 99.36766228754209 91.47713754251971 44.49782927429176 20.3719644116459 95.4472898195017 0.0 91.58375602991275 92.14304083328227
20.151024285621254 28.839484178133137 58.698506321374765 86.27680107222182 42.60298582331696 88.48063089869906 33.40961794788516 65.21026140811041 80.88131400963627 39.472374374975715 79.5906165358786 72.85815135265716 55.86310219995962 38.46339039406743 31.49934034033992 52.592431809824994 56.73549102792775 83.53848707443898 74.04684730848115 23.255574078819052 27.78868440245131 84.99037353940723 46.41324881387177 85.52997737172494 22.739825944087954 19.051824135403972 72.69185599530188 59.4655620887998 51.37233246819253 89.92196013156985 19.575588438664116 16.386735179911163 12.74519176536666 42.853352962605754 76.95941773088518 76.32106482382848 4.254998420000356 91.58375602991275 0.0 22.86132332892751
12.30514899266918 19.362048807971238 63.585037664015346 85.09518579155586 31.616436496211147 85.9359963470878 26.35929804188299 48.78897396534286 77.02396680028087 48.005186126325036 79.36396745765875 74.03415167135256 33.81386329671267 57.79316321962126 21.38152870604204 55.537432538119724 46.193181044108016 81.84456595570073 87.17699706767067 35.82453264512434 49.38422570781408 86.03749459278353 34.865848928553355 98.499710473907 6.420064886521966 41.155846364605516 50.07120617762539 42.20822040038465 44.990407209057736 102.45710442387234 4.433189624734422 34.81440087559713 34.579953664964115 20.454334340431593 66.63311412349648 73.7811750188728 25.321298443965873 92.14304083328227 22.86132332892751 0.0
