the first, second, third, forth line is n, optDist, optRoute, optTime respectively
the remaining lines are the distMatrix
40
541.1130773396932
[0, 5, 11, 16, 27, 20, 25, 36, 4, 24, 7, 37, 38, 34, 28, 1, 15, 18, 17, 8, 21, 12, 9, 35, 33, 22, 6, 32, 29, 19, 23, 2, 26, 3, 39, 14, 30, 31, 10, 13, 0]
13.808146953582764

0.0 33.44901215758164 55.46690562230981 34.419526071951935 34.153907994430575 13.752707168106268 73.69195697698449 39.05727037682847 72.41509565696659 56.812668447143025 9.2748352241216 16.62653335452888 46.46549084706252 13.806219390346142 38.38278545159354 44.93910548924254 28.175294292898855 73.82309301561399 53.959025573358154 47.669982853992565 39.67446354447305 54.147494132147095 66.44385323191237 46.53608752653643 39.99637679614891 33.74473864933885 39.61264824437525 38.525382409036126 44.816562602439156 53.81834004792548 29.598638714479286 20.053477784096952 56.682335128574 59.64306407695031 39.03052184550918 57.402290544248636 27.706608421588708 38.733582368470515 34.22959287455966 30.933511661458034
33.44901215758164 0.0 69.82023639772127 43.41060098163343 59.76711310416653 43.24308815030749 71.16769282236206 43.48494680592732 40.26298880397298 35.3177813388199 29.13193334797495 49.35487068533064 21.520362437401765 19.654101491866573 29.275090273224112 12.880597453489536 54.10966340572304 40.40618984826002 21.06571606492191 46.656059752611775 72.8440530031494 26.653084767604636 55.45912967563049 54.571485728826104 46.2678818849858 66.53481669612343 49.29407555027678 71.33526294971682 22.466917681620977 46.66311748977702 22.63099138797568 28.30704728552115 51.73758328281903 47.680303403661505 33.24742633081517 46.111353000168855 58.53296039616231 41.15128635670416 36.66219147770159 33.08306454051146
55.46690562230981 69.82023639772127 0.0 26.409903319366347 83.24801803177394 65.44140987335216 35.974345865187956 94.38971994569157 90.2349979569066 60.48780277760665 49.421971446419946 60.64113220273358 62.77040793204202 59.16754621117955 44.61947695935718 82.05151472234024 31.195784063114523 101.4204599613926 87.98828835192424 30.178179817700002 67.91716162295997 68.83777816603099 46.90500726585023 16.873584722781644 95.45022519922382 67.63696320200775 20.604875160133343 51.921877994303244 90.82905330789794 38.522117475821695 47.57635693626319 43.03014521928001 35.07296389423967 46.58838065334855 92.23772037729108 45.14477165568337 71.12801482528903 93.82647538188226 89.07801100637123 36.89446760607555
34.419526071951935 43.41060098163343 26.409903319366347 0.0 67.10092576474723 47.075904708187814 39.75626955131655 71.4182951336381 67.35311902195575 40.0740820492319 26.267201610265097 45.314987434696654 38.49754155814655 34.25555683073856 20.439471319718294 55.70462107348752 23.70120304289428 76.62957547013383 61.944888871336396 15.687200149238782 60.96866714616784 45.534136088882974 37.306958453116515 12.578698344126966 72.93591228389727 57.97954211315201 6.07633286339241 49.45075920214878 64.5920577965408 24.583832614020842 21.336599521735266 17.507697420885332 25.210441676930586 32.6940602533901 67.49910837630215 30.503685488792385 57.31442098281908 70.43061295419403 65.49029131184763 10.69134885855961
34.153907994430575 59.76711310416653 83.24801803177394 67.10092576474723 0.0 20.441069232925827 106.85095342854757 31.846992183651363 99.87263825939213 89.62488448416178 43.42810515124895 22.652049194903455 77.8268686342355 43.72804253743884 72.35019756608722 67.19781241885208 52.12040654608233 96.53903681528388 76.13501506895416 81.39576994538447 29.097186342771003 84.8620173793825 100.5960500039348 78.24487819598802 29.90260366031974 23.037742191814612 71.47984636645874 42.37770366251213 58.79881823105554 87.93141123907233 63.2653113127612 54.200920271097544 90.60735032312542 93.77195513106517 42.33891410760245 91.5391377208094 13.341806310235466 34.01573013854619 33.51149633609766 64.99928205720227
13.752707168106268 43.24308815030749 65.44140987335216 47.075904708187814 20.441069232925827 0.0 86.73414508303557 33.00557892076479 83.34887908685813 70.08105344833861 23.02176859809948 8.738708355194815 59.02935697899302 24.918409363285754 52.0990924113002 52.99681459595888 35.284745413404664 82.62306102432474 62.19937527842345 61.044940108430595 30.91872088515586 66.45411478739847 80.16768275224906 58.65335065112281 32.91657892088073 24.076935702517687 51.78496165261712 35.64752089427101 48.819781324011416 67.49036641987604 43.18350386635422 33.77250352676846 70.20181856646651 73.39510893236469 37.56768564258236 71.15300200957759 15.30212748721412 33.675802047026515 30.326441692551416 44.55968110083644
73.69195697698449 71.16769282236206 35.974345865187956 39.75626955131655 106.85095342854757 86.73414508303557 0.0 108.22332003978647 73.78162673875926 44.49960267610649 64.90683739901336 84.98511521071075 54.32570597833457 70.34552023246822 42.14372963516345 80.14798820040345 59.677406594968645 89.11762678654603 82.5789695231689 26.502864371388842 98.54985214068682 56.593118270313816 20.833474451065037 29.736753593617813 110.16099064757364 96.54273119301793 35.88355652357234 84.4576739677549 93.54904448725487 24.567181848607877 50.654718231867655 54.55919164644194 19.440166638240854 26.48861682159272 101.82825097037555 26.983743734528577 96.89031441844666 106.77629808871953 101.75941648665449 43.68908917343583
39.05727037682847 43.48494680592732 94.38971994569157 71.4182951336381 31.846992183651363 33.00557892076479 108.22332003978647 0.0 79.26332881122029 78.54641454632805 45.382885710675865 41.3897682950248 64.89641421933369 37.91183417238075 67.312054829465 45.177213733230225 66.60895715955921 71.65578881251788 52.66512118749474 81.76740226320022 58.83145878993975 69.9956200784105 96.1956810847085 83.97491667034718 3.1017609176499144 51.925195909299426 77.17878068310007 67.88171119277501 32.04090633997708 85.2329493156553 58.04847192179087 54.32444554712328 89.41901081864616 88.51780823665894 13.088758115659305 86.5959588575331 40.71329253615415 2.8507582691465942 6.864840282002871 64.72323398563027
72.41509565696659 40.26298880397298 90.2349979569066 67.35311902195575 99.87263825939213 83.34887908685813 73.78162673875926 79.26332881122029 0.0 30.473714347739396 65.95349774505537 88.88025431357104 29.214376990113305 58.86975024685498 46.91546320315285 34.123710250329644 86.51348104964956 17.471091799756547 27.132857921917687 60.29125567915742 112.07740831041538 21.8190714288076 52.98814373856958 73.39085570333565 82.32835343132716 106.09682783820305 71.38935750568561 108.13565601017973 48.36855895466892 53.599207273684 48.94881619628728 60.15737647413335 58.62396942124948 47.92697387470017 66.68579722463593 48.20265544242933 98.64997314075039 76.52510416827224 73.04132690639574 57.56292004650825
56.812668447143025 35.3177813388199 60.48780277760665 40.0740820492319 89.62488448416178 70.08105344833861 44.49960267610649 78.54641454632805 30.473714347739396 0.0 48.175536429750444 73.01745952768903 13.839682573009638 45.95155231394776 20.901735878097742 39.65998595481733 62.1781376968871 44.70453431368104 39.656695640653105 30.31415699336827 94.2175560219456 12.4743039331205 24.433836037612732 43.851894864378444 81.21383581118516 89.35866702814238 42.969096454269284 86.5159910410051 55.0666602467097 23.12725345183099 27.56629140054787 38.98648863639437 28.18034691458521 18.03767530345961 68.54145786361562 17.941946301540785 84.51259243929005 76.3241236529569 71.68473656443501 32.159674427243964
9.2748352241216 29.13193334797495 49.421971446419946 26.267201610265097 43.42810515124895 23.02176859809948 64.90683739901336 45.382885710675865 65.95349774505537 48.175536429750444 0.0 24.845226757178157 38.698316697674194 11.098741125116488 29.2117037708199 41.64842414620424 26.09388656837485 69.18452173465045 50.19221977241425 38.673622278814214 46.70452305430574 46.56323011525802 57.17253462743927 38.72298834611249 46.7644136072327 41.3744403832368 31.863767117406113 42.55917337568053 44.79895817790314 44.57562952735344 20.691223241732796 10.796266763297199 47.548624654403596 50.37486754488954 42.94220190043358 48.13139568303319 36.51121930009013 44.59203468926475 39.75506852134269 21.749743352909796
16.62653335452888 49.35487068533064 60.64113220273358 45.314987434696654 22.652049194903455 8.738708355194815 84.98511521071075 41.3897682950248 88.88025431357104 73.01745952768903 24.845226757178157 0.0 63.05545473829359 30.023283370290255 53.74760894534616 59.994070021149064 29.613278536297457 89.40742678082819 69.16942608392657 60.2597710131469 23.533152525685196 70.76566686124757 80.52545915274531 55.931502026232025 41.06455060904603 17.2242358358758 49.28049373909138 26.911297428579392 57.005104499319486 67.60878295085699 45.5238637504983 34.81375995473656 69.69800299447812 74.23106086861459 46.30338378906163 71.94927926777262 12.122332764538656 42.21863511481133 39.01557550238733 44.82686869620404
46.46549084706252 21.520362437401765 62.77040793204202 38.49754155814655 77.8268686342355 59.02935697899302 54.32570597833457 64.89641421933369 29.214376990113305 13.839682573009638 38.698316697674194 63.05545473829359 0.0 34.227560393698774 18.277894040275402 26.549105707360194 57.39141569969609 38.65530619173234 28.272635342509528 34.14275395314851 85.40277898472296 7.952948993693358 36.04241481978916 45.96900282287743 67.615175905748 79.96674675825327 42.999824061200805 79.80334300261839 41.53288266115506 30.312543300036364 19.911121171225197 31.44149216332103 35.76602355148799 28.572337434899616 54.71266716144222 27.540840886177495 73.97083550938684 62.62142946860963 58.04584240133706 28.420443683906935
13.806219390346142 19.654101491866573 59.16754621117955 34.25555683073856 43.72804253743884 24.918409363285754 70.34552023246822 37.91183417238075 58.86975024685498 45.95155231394776 11.098741125116488 30.023283370290255 34.227560393698774 0.0 30.39432001643881 31.457857563786366 37.18792354376902 60.05101919001379 40.344970028523036 43.86626394778318 53.373811154468555 41.5514578892659 59.53116052505655 46.79904292121996 39.8168576164073 47.24709093681492 40.243391767331005 51.88042906222009 33.70116899247517 47.84551412976252 20.93254768869165 16.773411296919303 51.74033956034579 52.114003814265736 33.271482670440065 50.02383351414374 40.0831301353212 36.60580325780198 31.599617127358048 26.82081954886924
38.38278545159354 29.275090273224112 44.61947695935718 20.439471319718294 72.35019756608722 52.0990924113002 42.14372963516345 67.312054829465 46.91546320315285 20.901735878097742 29.2117037708199 53.74760894534616 18.277894040275402 30.39432001643881 0.0 39.60735327847873 41.362133347207894 56.84343395546581 44.14435110018753 17.597285056915403 73.93055730873039 25.09744547098713 29.1439482288007 27.939652228056403 69.53316032795749 69.44295373801808 24.724384741472534 65.64102004296281 51.742005964684196 18.04965695484848 9.461776438868574 18.964690365780825 22.736056459592216 21.747334286346575 59.92155639799961 19.63280378500551 65.63295090471486 65.59737242466528 60.62134724382346 11.317813519358571
44.93910548924254 12.880597453489536 82.05151472234024 55.70462107348752 67.19781241885208 52.99681459595888 80.14798820040345 45.177213733230225 34.123710250329644 39.65998595481733 41.64842414620424 59.994070021149064 26.549105707360194 31.457857563786366 39.60735327847873 0.0 66.9428961039586 29.67033061255207 9.202930908275102 57.19991235761705 83.49757003328624 28.214275742573545 62.56433731413189 66.34238497261583 48.23006412282027 76.90430794459596 61.45218390430134 83.32228154214607 15.875291312037138 55.65451875286754 34.495536477916076 41.15084007162969 60.994438742723766 55.00810951992255 32.81496482711058 53.816387476238425 68.00553010054102 42.465408785813196 38.91784816164464 45.160494601928924
28.175294292898855 54.10966340572304 31.195784063114523 23.70120304289428 52.12040654608233 35.284745413404664 59.677406594968645 66.60895715955921 86.51348104964956 62.1781376968871 26.09388656837485 29.613278536297457 57.39141569969609 37.18792354376902 41.362133347207894 66.9428961039586 0.0 92.71797185715188 74.9798868803291 39.04444640863701 38.87501719524092 65.16761071738334 60.78820882487722 29.994809850971674 67.15570961990755 37.304877725900525 24.6629749068019 25.827461017644904 70.87530856404813 48.236358804408624 37.56622971261079 26.813709849024537 48.33367820275034 56.395043472252055 67.17583049091652 54.200089815691754 39.943565249507095 66.57164578040066 62.247604423880475 30.046464894959232
73.82309301561399 40.40618984826002 101.4204599613926 76.62957547013383 96.53903681528388 82.62306102432474 89.11762678654603 71.65578881251788 17.471091799756547 44.70453431368104 69.18452173465045 89.40742678082819 38.65530619173234 60.05101919001379 56.84343395546581 29.67033061255207 92.71797185715188 0.0 20.507719328462894 72.48578449174039 112.94024092337975 33.36924694181406 68.61254247077355 84.62362593532725 74.75352480198629 106.43859542423917 81.47588690775525 111.65058110967611 39.614911284730574 67.18424474474048 56.11610549507061 65.91978876643901 72.4992539423352 62.728538519254684 58.58509011783705 62.60433282603994 97.67236143241763 68.81184994248659 66.21763009917639 66.12541332625435
53.959025573358154 21.06571606492191 87.98828835192424 61.944888871336396 76.13501506895416 62.19937527842345 82.5789695231689 52.66512118749474 27.132857921917687 39.656695640653105 50.19221977241425 69.16942608392657 28.272635342509528 40.344970028523036 44.14435110018753 9.202930908275102 74.9798868803291 20.507719328462894 0.0 61.438648267682964 92.68219540839512 27.289110940969255 63.73056473390079 71.76776921544524 55.758853417222994 86.10221909109592 67.43627504278092 92.21732433619383 21.25395097233267 58.53566350113548 40.62219236241434 48.64637558805034 63.9807202662608 56.552077343275194 39.8372779324463 55.695245457073135 77.19416445216825 49.8708026828121 46.75857158037353 51.261107787139004
47.669982853992565 46.656059752611775 30.178179817700002 15.687200149238782 81.39576994538447 61.044940108430595 26.502864371388842 81.76740226320022 60.29125567915742 30.31415699336827 38.673622278814214 60.2597710131469 34.14275395314851 43.86626394778318 17.597285056915403 57.19991235761705 39.04444640863701 72.48578449174039 61.438648267682964 0.0 76.65287718810507 39.30683350760869 21.74379952305233 13.756412335462748 83.67336309665531 73.56324070102721 15.034445772580344 64.87172474049824 69.08032791705556 9.573985999308247 24.787568396702984 28.143493479638618 9.552743523384022 18.111081688133872 75.78489392161502 16.168853722655726 72.35800865813053 80.37138256733662 75.3539402833853 17.199911912410982
39.67446354447305 72.8440530031494 67.91716162295997 60.96866714616784 29.097186342771003 30.91872088515586 98.54985214068682 58.83145878993975 112.07740831041538 94.2175560219456 46.70452305430574 23.533152525685196 85.40277898472296 53.373811154468555 73.93055730873039 83.49757003328624 38.87501719524092 112.94024092337975 92.68219540839512 76.65287718810507 0.0 93.26022940704863 98.11509581115715 68.84214618584959 57.510454923763376 7.060366761561053 63.17406533043912 17.21414999025963 79.65266875731422 85.19464085883551 66.73583922413557 55.238012789541344 86.1768735797748 92.72165916929795 66.74609369928946 90.44141267637481 18.1614998153932 60.44952758153351 58.47288329536982 63.67351576528888
54.147494132147095 26.653084767604636 68.83777816603099 45.534136088882974 84.8620173793825 66.45411478739847 56.593118270313816 69.9956200784105 21.8190714288076 12.4743039331205 46.56323011525802 70.76566686124757 7.952948993693358 41.5514578892659 25.09744547098713 28.214275742573545 65.16761071738334 33.36924694181406 27.289110940969255 39.30683350760869 93.26022940704863 0.0 36.85829562743433 51.96420259906502 72.83511519540377 87.75037750058303 49.64254916933556 87.75177737390769 43.99078294864213 33.85729223257311 27.800056888913357 39.38053704863636 39.21771558494468 30.13060445202865 59.01621240881084 29.67706850188747 81.5118013473478 67.57072474127355 63.21797731268806 35.8218242530584
66.44385323191237 55.45912967563049 46.90500726585023 37.306958453116515 100.5960500039348 80.16768275224906 20.833474451065037 96.1956810847085 52.98814373856958 24.433836037612732 57.17253462743927 80.52545915274531 36.04241481978916 59.53116052505655 29.1439482288007 62.56433731413189 60.78820882487722 68.61254247077355 63.73056473390079 21.74379952305233 98.11509581115715 36.85829562743433 0.0 33.41042426642225 98.50787616535906 94.71037471475753 36.54157197460494 86.61537819823857 77.11825387591232 12.97750361273924 38.60248101656586 46.39593379010983 12.770900502544642 7.788711996570696 87.99884863815709 9.599722794856365 92.63756021332458 94.36071381923615 89.43203577853208 35.75377571572318
46.53608752653643 54.571485728826104 16.873584722781644 12.578698344126966 78.24487819598802 58.65335065112281 29.736753593617813 83.97491667034718 73.39085570333565 43.851894864378444 38.72298834611249 55.931502026232025 45.96900282287743 46.79904292121996 27.939652228056403 66.34238497261583 29.994809850971674 84.62362593532725 71.76776921544524 13.756412335462748 68.84214618584959 51.96420259906502 33.41042426642225 0.0 85.45911191250653 66.82862589593414 6.923580889100683 55.2028107921322 76.3316500783865 22.891681257851488 31.96472552002326 30.0289601495049 20.696422715923422 31.363317731565346 80.00670490475163 29.616017945068197 67.62352491750858 83.0055493706763 78.06800889379453 21.57819970109872
39.99637679614891 46.2678818849858 95.45022519922382 72.93591228389727 29.90260366031974 32.91657892088073 110.16099064757364 3.1017609176499144 82.32835343132716 81.21383581118516 46.7644136072327 41.06455060904603 67.615175905748 39.8168576164073 69.53316032795749 48.23006412282027 67.15570961990755 74.75352480198629 55.758853417222994 83.67336309665531 57.510454923763376 72.83511519540377 98.50787616535906 85.45911191250653 0.0 50.689301947038274 78.62232001865334 67.23726041485392 35.1389839145141 87.38511051754905 60.20859594019568 56.016305621150195 91.47968179681992 90.86058016054984 16.17810204834695 88.9104792228904 39.496850503979985 5.941856670759857 9.617420405824305 66.56129475196397
33.74473864933885 66.53481669612343 67.63696320200775 57.97954211315201 23.037742191814612 24.076935702517687 96.54273119301793 51.925195909299426 106.09682783820305 89.35866702814238 41.3744403832368 17.2242358358758 79.96674675825327 47.24709093681492 69.44295373801808 76.90430794459596 37.304877725900525 106.43859542423917 86.10221909109592 73.56324070102721 7.060366761561053 87.75037750058303 94.71037471475753 66.82862589593414 50.689301947038274 0.0 60.78007272501024 20.0801822696547 72.69267827099304 81.73692221737598 61.79440191659137 50.54265776213116 83.11596226572703 88.96318913577906 59.68925743564474 86.67386497562985 11.211983880777902 53.4875131628133 51.437876927652795 59.62709168900575
39.61264824437525 49.29407555027678 20.604875160133343 6.07633286339241 71.47984636645874 51.78496165261712 35.88355652357234 77.17878068310007 71.38935750568561 42.969096454269284 31.863767117406113 49.28049373909138 42.999824061200805 40.243391767331005 24.724384741472534 61.45218390430134 24.6629749068019 81.47588690775525 67.43627504278092 15.034445772580344 63.17406533043912 49.64254916933556 36.54157197460494 6.923580889100683 78.62232001865334 60.78007272501024 0.0 50.37294567055901 70.62295313604142 24.588415965278838 26.971503795706337 23.534958801241533 23.87388712996706 33.088310938090984 73.50684053953059 31.064312441293662 61.08030252974114 76.25768135016867 71.33962960955951 16.291895080099277
38.525382409036126 71.33526294971682 51.921877994303244 49.45075920214878 42.37770366251213 35.64752089427101 84.4576739677549 67.88171119277501 108.13565601017973 86.5159910410051 42.55917337568053 26.911297428579392 79.80334300261839 51.88042906222009 65.64102004296281 83.32228154214607 25.827461017644904 111.65058110967611 92.21732433619383 64.87172474049824 17.21414999025963 87.75177737390769 86.61537819823857 55.2028107921322 67.23726041485392 20.0801822696547 50.37294567055901 0.0 82.75348283128106 74.02656520726424 60.06663778821713 48.386548214040396 74.14298064005897 82.10424211782957 73.19246999129643 79.88568439303097 29.252090740135053 68.915317924678 65.89170622556112 54.558198975846125
44.816562602439156 22.466917681620977 90.82905330789794 64.5920577965408 58.79881823105554 48.819781324011416 93.54904448725487 32.04090633997708 48.36855895466892 55.0666602467097 44.79895817790314 57.005104499319486 41.53288266115506 33.70116899247517 51.742005964684196 15.875291312037138 70.87530856404813 39.614911284730574 21.25395097233267 69.08032791705556 79.65266875731422 43.99078294864213 77.11825387591232 76.3316500783865 35.1389839145141 72.69267827099304 70.62295313604142 82.75348283128106 0.0 69.0008761397015 44.70845799684085 47.981816589669755 74.14132355067001 69.41190804774554 18.97814759194908 68.00753871147197 62.534475352984224 29.197548001496685 26.779712543820132 54.757138754068805
53.81834004792548 46.66311748977702 38.522117475821695 24.583832614020842 87.93141123907233 67.49036641987604 24.567181848607877 85.2329493156553 53.599207273684 23.12725345183099 44.57562952735344 67.60878295085699 30.312543300036364 47.84551412976252 18.04965695484848 55.65451875286754 48.236358804408624 67.18424474474048 58.53566350113548 9.573985999308247 85.19464085883551 33.85729223257311 12.97750361273924 22.891681257851488 87.38511051754905 81.73692221737598 24.588415965278838 74.02656520726424 69.0008761397015 0.0 27.185004252046376 33.7797567372959 5.454620901187305 8.549744685825852 77.96235569924063 6.725885248442592 79.72735145870388 83.57587688714334 78.5861154523054 22.947973811523436
29.598638714479286 22.63099138797568 47.57635693626319 21.336599521735266 63.2653113127612 43.18350386635422 50.654718231867655 58.04847192179087 48.94881619628728 27.56629140054787 20.691223241732796 45.5238637504983 19.911121171225197 20.93254768869165 9.461776438868574 34.495536477916076 37.56622971261079 56.11610549507061 40.62219236241434 24.787568396702984 66.73583922413557 27.800056888913357 38.60248101656586 31.96472552002326 60.20859594019568 61.79440191659137 26.971503795706337 60.06663778821713 44.70845799684085 27.185004252046376 0.0 11.720031326117256 31.4876086491814 31.194391529488936 51.176918711278 29.09270111080697 57.1768755459899 56.41230651025743 51.4152746359107 10.688298532613757
20.053477784096952 28.30704728552115 43.03014521928001 17.507697420885332 54.200920271097544 33.77250352676846 54.55919164644194 54.32444554712328 60.15737647413335 38.98648863639437 10.796266763297199 34.81375995473656 31.44149216332103 16.773411296919303 18.964690365780825 41.15084007162969 26.813709849024537 65.91978876643901 48.64637558805034 28.143493479638618 55.238012789541344 39.38053704863636 46.39593379010983 30.0289601495049 56.016305621150195 50.54265776213116 23.534958801241533 48.386548214040396 47.981816589669755 33.7797567372959 11.720031326117256 0.0 36.83187509699498 39.68607232182131 49.99246572355564 37.428383199251606 46.76685562547816 53.190338916448056 48.21228558743587 11.027696638164342
56.682335128574 51.73758328281903 35.07296389423967 25.210441676930586 90.60735032312542 70.20181856646651 19.440166638240854 89.41901081864616 58.62396942124948 28.18034691458521 47.548624654403596 69.69800299447812 35.76602355148799 51.74033956034579 22.736056459592216 60.994438742723766 48.33367820275034 72.4992539423352 63.9807202662608 9.552743523384022 86.1768735797748 39.21771558494468 12.770900502544642 20.696422715923422 91.47968179681992 83.11596226572703 23.87388712996706 74.14298064005897 74.14132355067001 5.454620901187305 31.4876086491814 36.83187509699498 0.0 11.678429210044461 82.57164440331073 10.648188239651777 81.80924282356617 87.85548749762931 82.84834317209449 25.809886529827697
59.64306407695031 47.680303403661505 46.58838065334855 32.6940602533901 93.77195513106517 73.39510893236469 26.48861682159272 88.51780823665894 47.92697387470017 18.03767530345961 50.37486754488954 74.23106086861459 28.572337434899616 52.114003814265736 21.747334286346575 55.00810951992255 56.395043472252055 62.728538519254684 56.552077343275194 18.111081688133872 92.72165916929795 30.13060445202865 7.788711996570696 31.363317731565346 90.86058016054984 88.96318913577906 33.088310938090984 82.10424211782957 69.41190804774554 8.549744685825852 31.194391529488936 39.68607232182131 11.678429210044461 0.0 80.22124328532672 2.2901112610503684 86.2977014349226 86.65391336529314 81.73817756238041 29.443275602819657
39.03052184550918 33.24742633081517 92.23772037729108 67.49910837630215 42.33891410760245 37.56768564258236 101.82825097037555 13.088758115659305 66.68579722463593 68.54145786361562 42.94220190043358 46.30338378906163 54.71266716144222 33.271482670440065 59.92155639799961 32.81496482711058 67.17583049091652 58.58509011783705 39.8372779324463 75.78489392161502 66.74609369928946 59.01621240881084 87.99884863815709 80.00670490475163 16.17810204834695 59.68925743564474 73.50684053953059 73.19246999129643 18.97814759194908 77.96235569924063 51.176918711278 49.99246572355564 82.57164440331073 80.22124328532672 0.0 78.46575903863598 48.73268960219293 10.23875023773888 8.834354000667005 59.37247100108923
57.402290544248636 46.111353000168855 45.14477165568337 30.503685488792385 91.5391377208094 71.15300200957759 26.983743734528577 86.5959588575331 48.20265544242933 17.941946301540785 48.13139568303319 71.94927926777262 27.540840886177495 50.02383351414374 19.63280378500551 53.816387476238425 54.200089815691754 62.60433282603994 55.695245457073135 16.168853722655726 90.44141267637481 29.67706850188747 9.599722794856365 29.616017945068197 88.9104792228904 86.67386497562985 31.064312441293662 79.88568439303097 68.00753871147197 6.725885248442592 29.09270111080697 37.428383199251606 10.648188239651777 2.2901112610503684 78.46575903863598 0.0 84.01899108491138 84.76387332642747 79.83321996597347 27.155563014847065
27.706608421588708 58.53296039616231 71.12801482528903 57.31442098281908 13.341806310235466 15.30212748721412 96.89031441844666 40.71329253615415 98.64997314075039 84.51259243929005 36.51121930009013 12.122332764538656 73.97083550938684 40.0831301353212 65.63295090471486 68.00553010054102 39.943565249507095 97.67236143241763 77.19416445216825 72.35800865813053 18.1614998153932 81.5118013473478 92.63756021332458 67.62352491750858 39.496850503979985 11.211983880777902 61.08030252974114 29.252090740135053 62.534475352984224 79.72735145870388 57.1768755459899 46.76685562547816 81.80924282356617 86.2977014349226 48.73268960219293 84.01899108491138 0.0 42.2922798100919 40.35796141365675 56.92082929975598
38.733582368470515 41.15128635670416 93.82647538188226 70.43061295419403 34.01573013854619 33.675802047026515 106.77629808871953 2.8507582691465942 76.52510416827224 76.3241236529569 44.59203468926475 42.21863511481133 62.62142946860963 36.60580325780198 65.59737242466528 42.465408785813196 66.57164578040066 68.81184994248659 49.8708026828121 80.37138256733662 60.44952758153351 67.57072474127355 94.36071381923615 83.0055493706763 5.941856670759857 53.4875131628133 76.25768135016867 68.915317924678 29.197548001496685 83.57587688714334 56.41230651025743 53.190338916448056 87.85548749762931 86.65391336529314 10.23875023773888 84.76387332642747 42.2922798100919 0.0 5.017610660370373 63.41798797732556
34.22959287455966 36.66219147770159 89.07801100637123 65.49029131184763 33.51149633609766 30.326441692551416 101.75941648665449 6.864840282002871 73.04132690639574 71.68473656443501 39.75506852134269 39.01557550238733 58.04584240133706 31.599617127358048 60.62134724382346 38.91784816164464 62.247604423880475 66.21763009917639 46.75857158037353 75.3539402833853 58.47288329536982 63.21797731268806 89.43203577853208 78.06800889379453 9.617420405824305 51.437876927652795 71.33962960955951 65.89170622556112 26.779712543820132 78.5861154523054 51.4152746359107 48.21228558743587 82.84834317209449 81.73817756238041 8.834354000667005 79.83321996597347 40.35796141365675 5.017610660370373 0.0 58.40680470859416
30.933511661458034 33.08306454051146 36.89446760607555 10.69134885855961 64.99928205720227 44.55968110083644 43.68908917343583 64.72323398563027 57.56292004650825 32.159674427243964 21.749743352909796 44.82686869620404 28.420443683906935 26.82081954886924 11.317813519358571 45.160494601928924 30.046464894959232 66.12541332625435 51.261107787139004 17.199911912410982 63.67351576528888 35.8218242530584 35.75377571572318 21.57819970109872 66.56129475196397 59.62709168900575 16.291895080099277 54.558198975846125 54.757138754068805 22.947973811523436 10.688298532613757 11.027696638164342 25.809886529827697 29.443275602819657 59.37247100108923 27.155563014847065 56.92082929975598 63.41798797732556 58.40680470859416 0.0
